   2.51889159E-03   4.36507368    
   5.03778318E-03   4.13071537    
   7.55667500E-03   4.02418709    
   1.00755664E-02   3.98373604    
   1.25944586E-02   3.77061296    
   1.51133500E-02   3.67817307    
   1.76322423E-02   3.63030171    
   2.01511327E-02   3.57849383    
   2.26700250E-02   3.48433352    
   2.51889173E-02   3.43125963    
   2.77078077E-02   3.40549374    
   3.02267000E-02   3.35557103    
   3.27455923E-02   3.29812551    
   3.52644846E-02   3.26225829    
   3.77833769E-02   3.24894404    
   4.03022654E-02   3.20009136    
   4.28211577E-02   3.15995550    
   4.53400500E-02   3.13380861    
   4.78589423E-02   3.12966990    
   5.03778346E-02   3.08031917    
   5.28967269E-02   3.05011201    
   5.54156154E-02   3.03029060    
   5.79345077E-02   3.02333903    
   6.04534000E-02   2.98275518    
   6.29722923E-02   2.95894933    
   6.54911846E-02   2.94368649    
   6.80100769E-02   2.93042660    
   7.05289692E-02   2.90039539    
   7.30478615E-02   2.88105989    
   7.55667537E-02   2.86933994    
   7.80856460E-02   2.85270023    
   8.06045309E-02   2.82909393    
   8.31234232E-02   2.81305027    
   8.56423154E-02   2.80437374    
   8.81612077E-02   2.78549910    
   9.06801000E-02   2.76618457    
   9.31989923E-02   2.75271988    
   9.57178846E-02   2.74637866    
   9.82367769E-02   2.72612739    
  0.100755669       2.70990181    
  0.103274561       2.69850826    
  0.105793454       2.69262695    
  0.108312346       2.67285705    
  0.110831231       2.65895343    
  0.113350123       2.64930463    
  0.115869015       2.64176440    
  0.118387908       2.62447286    
  0.120906800       2.61241817    
  0.123425692       2.60428810    
  0.125944585       2.59488845    
  0.128463477       2.58014035    
  0.130982369       2.56959414    
  0.133501261       2.56282020    
  0.136020154       2.55193782    
  0.138539046       2.53919744    
  0.141057938       2.52990317    
  0.143576831       2.52422047    
  0.146095723       2.51236534    
  0.148614615       2.50115466    
  0.151133507       2.49293208    
  0.153652400       2.48751116    
  0.156171292       2.47551513    
  0.158690169       2.46559763    
  0.161209062       2.45832705    
  0.163727954       2.45262027    
  0.166246846       2.44108152    
  0.168765739       2.43222141    
  0.171284631       2.42582440    
  0.173803523       2.41925645    
  0.176322415       2.40874338    
  0.178841308       2.40076756    
  0.181360200       2.39510989    
  0.183879092       2.38773584    
  0.186397985       2.37823939    
  0.188916877       2.37103224    
  0.191435769       2.36594701    
  0.193954661       2.35787129    
  0.196473554       2.34933567    
  0.198992446       2.34281516    
  0.201511338       2.33805752    
  0.204030231       2.32962608    
  0.206549123       2.32188988    
  0.209068015       2.31596136    
  0.211586908       2.31116390    
  0.214105800       2.30278516    
  0.216624692       2.29573250    
  0.219143569       2.29034424    
  0.221662462       2.28514171    
  0.224181354       2.27720737    
  0.226700246       2.27074170    
  0.229219139       2.26586342    
  0.231738031       2.26021743    
  0.234256923       2.25277257    
  0.236775815       2.24681497    
  0.239294708       2.24227762    
  0.241813600       2.23623705    
  0.244332492       2.22936249    
  0.246851385       2.22387600    
  0.249370277       2.21957183    
  0.251889169       2.21322632    
  0.254408062       2.20686173    
  0.256926954       2.20180774    
  0.259445846       2.19761682    
  0.261964738       2.19113040    
  0.264483631       2.18524694    
  0.267002523       2.18059158    
  0.269521415       2.17619157    
  0.272040308       2.16986465    
  0.274559200       2.16439176    
  0.277078092       2.16001415    
  0.279596984       2.15547204    
  0.282115877       2.14937735    
  0.284634769       2.14428639    
  0.287153661       2.14024043    
  0.289672554       2.13530684    
  0.292191446       2.12959719    
  0.294710338       2.12483764    
  0.297229230       2.12095141    
  0.299748123       2.11581945    
  0.302267015       2.11044073    
  0.304785907       2.10597515    
  0.307304800       2.10211372    
  0.309823692       2.09699416    
  0.312342584       2.09189677    
  0.314861447       2.08772540    
  0.317380339       2.08385611    
  0.319899231       2.07867265    
  0.322418123       2.07390404    
  0.324937016       2.06998730    
  0.327455908       2.06600285    
  0.329974800       2.06092143    
  0.332493693       2.05643606    
  0.335012585       2.05271244    
  0.337531477       2.04858398    
  0.340050370       2.04369998    
  0.342569262       2.03947592    
  0.345088154       2.03592038    
  0.347607046       2.03159761    
  0.350125939       2.02691579    
  0.352644831       2.02292252    
  0.355163723       2.01944971    
  0.357682616       2.01508141    
  0.360201508       2.01060867    
  0.362720400       2.00682998    
  0.365239292       2.00329876    
  0.367758185       1.99894571    
  0.370277077       1.99471366    
  0.372795969       1.99111855    
  0.375314862       1.98755455    
  0.377833754       1.98320150    
  0.380352646       1.97920084    
  0.382871538       1.97574258    
  0.385390431       1.97213125    
  0.387909323       1.96784735    
  0.390428215       1.96404421    
  0.392947108       1.96067369    
  0.395466000       1.95692480    
  0.397984892       1.95284975    
  0.400503784       1.94921303    
  0.403022677       1.94596636    
  0.405541569       1.94215608    
  0.408060461       1.93819416    
  0.410579354       1.93471944    
  0.413098246       1.93155563    
  0.415617138       1.92767227    
  0.418136030       1.92384696    
  0.420654923       1.92051244    
  0.423173815       1.91728270    
  0.425692707       1.91343033    
  0.428211600       1.90978622    
  0.430730492       1.90660858    
  0.433249384       1.90334713    
  0.435768276       1.89955151    
  0.438287139       1.89602876    
  0.440806031       1.89290643    
  0.443324924       1.88955474    
  0.445843816       1.88587928    
  0.448362708       1.88250363    
  0.450881600       1.87946057    
  0.453400493       1.87609911    
  0.455919385       1.87249470    
  0.458438277       1.86927605    
  0.460957170       1.86623585    
  0.463476062       1.86282861    
  0.465994954       1.85932970    
  0.468513846       1.85621989    
  0.471032739       1.85321212    
  0.473551631       1.84977508    
  0.476070523       1.84642470    
  0.478589416       1.84339857    
  0.481108308       1.84038353    
  0.483627200       1.83697772    
  0.486146092       1.83374393    
  0.488664985       1.83077574    
  0.491183877       1.82773328    
  0.493702769       1.82437801    
  0.496221662       1.82122135    
  0.498740554       1.81834269    
  0.501259446       1.81523168    
  0.503778338       1.81194973    
  0.506297231       1.80888379    
  0.508816123       1.80605471    
  0.511335015       1.80293560    
  0.513853908       1.79973304    
  0.516372800       1.79675066    
  0.518891692       1.79397595    
  0.521410584       1.79083669    
  0.523929477       1.78777373    
  0.526448369       1.78491437    
  0.528967261       1.78212678    
  0.531486154       1.77903068    
  0.534005046       1.77601683    
  0.536523938       1.77318251    
  0.539042830       1.77035391    
  0.541561723       1.76729965    
  0.544080615       1.76431608    
  0.546599507       1.76156032    
  0.549118400       1.75868666    
  0.551637292       1.75562298    
  0.554156184       1.75273371    
  0.556675076       1.75001085    
  0.559193969       1.74718893    
  0.561712861       1.74415946    
  0.564231753       1.74136209    
  0.566750646       1.73863840    
  0.569269538       1.73578274    
  0.571788430       1.73283362    
  0.574307323       1.73009562    
  0.576826215       1.72737420    
  0.579345107       1.72446740    
  0.581863999       1.72161520    
  0.584382892       1.71890771    
  0.586901784       1.71619797    
  0.589420676       1.71333444    
  0.591939569       1.71049380    
  0.594458461       1.70785451    
  0.596977353       1.70507658    
  0.599496245       1.70225000    
  0.602015138       1.69948614    
  0.604534030       1.69688511    
  0.607052922       1.69414091    
  0.609571815       1.69131255    
  0.612090707       1.68859410    
  0.614609599       1.68598914    
  0.617128491       1.68328702    
  0.619647384       1.68051946    
  0.622166276       1.67785561    
  0.624685168       1.67525566    
  0.627204001       1.67256057    
  0.629722893       1.66977310    
  0.632241786       1.66718054    
  0.634760678       1.66457176    
  0.637279570       1.66184556    
  0.639798462       1.65914285    
  0.642317355       1.65659523    
  0.644836247       1.65396190    
  0.647355139       1.65126646    
  0.649874032       1.64860177    
  0.652392924       1.64604354    
  0.654911816       1.64345562    
  0.657430708       1.64073932    
  0.659949601       1.63814282    
  0.662468493       1.63562572    
  0.664987385       1.63301528    
  0.667506278       1.63034034    
  0.670025170       1.62776780    
  0.672544062       1.62525880    
  0.675062954       1.62264132    
  0.677581847       1.62001133    
  0.680100739       1.61747813    
  0.682619631       1.61494946    
  0.685138524       1.61234629    
  0.687657416       1.60973036    
  0.690176308       1.60725117    
  0.692695200       1.60470724    
  0.695214093       1.60209966    
  0.697732985       1.59951258    
  0.700251877       1.59702992    
  0.702770770       1.59449947    
  0.705289662       1.59191930    
  0.707808554       1.58936977    
  0.710327446       1.58692396    
  0.712846339       1.58437026    
  0.715365231       1.58180583    
  0.717884123       1.57929873    
  0.720403016       1.57683396    
  0.722921908       1.57428932    
  0.725440800       1.57173657    
  0.727959692       1.56930327    
  0.730478585       1.56677580    
  0.732997477       1.56425977    
  0.735516369       1.56173098    
  0.738035262       1.55928493    
  0.740554154       1.55678356    
  0.743073046       1.55419230    
  0.745591938       1.55173016    
  0.748110831       1.54925191    
  0.750629723       1.54679573    
  0.753148615       1.54424930    
  0.755667508       1.54176128    
  0.758186400       1.53931212    
  0.760705292       1.53684151    
  0.763224185       1.53433311    
  0.765743077       1.53182983    
  0.768261969       1.52939701    
  0.770780861       1.52691245    
  0.773299754       1.52439976    
  0.775818646       1.52192760    
  0.778337538       1.51948690    
  0.780856431       1.51699793    
  0.783375323       1.51446247    
  0.785894215       1.51198971    
  0.788413107       1.50955033    
  0.790932000       1.50702202    
  0.793450892       1.50450706    
  0.795969784       1.50212216    
  0.798488677       1.49967086    
  0.801007569       1.49715602    
  0.803526461       1.49461555    
  0.806045353       1.49219644    
  0.808564246       1.48970151    
  0.811083138       1.48720419    
  0.813602030       1.48472869    
  0.816120923       1.48226631    
  0.818639815       1.47980189    
  0.821158707       1.47726846    
  0.823677599       1.47477818    
  0.826196492       1.47234821    
  0.828715384       1.46980929    
  0.831234276       1.46729743    
  0.833753169       1.46477044    
  0.836272061       1.46230912    
  0.838790953       1.45979118    
  0.841309845       1.45725858    
  0.843828738       1.45478332    
  0.846347630       1.45227814    
  0.848866522       1.44973373    
  0.851385415       1.44716680    
  0.853904307       1.44468904    
  0.856423199       1.44215214    
  0.858942091       1.43959999    
  0.861460984       1.43707311    
  0.863979876       1.43454146    
  0.866498768       1.43202007    
  0.869017661       1.42943323    
  0.871536553       1.42686677    
  0.874055445       1.42430317    
  0.876574278       1.42170763    
  0.879093170       1.41913438    
  0.881612062       1.41652238    
  0.884130955       1.41394269    
  0.886649847       1.41130590    
  0.889168739       1.40868473    
  0.891687632       1.40608549    
  0.894206524       1.40346527    
  0.896725416       1.40079904    
  0.899244308       1.39817071    
  0.901763201       1.39550543    
  0.904282093       1.39287710    
  0.906800985       1.39016426    
  0.909319878       1.38745868    
  0.911838770       1.38478029    
  0.914357662       1.38206589    
  0.916876554       1.37931740    
  0.919395447       1.37657106    
  0.921914339       1.37381709    
  0.924433231       1.37103629    
  0.926952124       1.36824477    
  0.929471016       1.36541331    
  0.931989908       1.36260176    
  0.934508801       1.35976303    
  0.937027693       1.35687554    
  0.939546585       1.35400462    
  0.942065477       1.35109949    
  0.944584370       1.34815574    
  0.947103262       1.34516430    
  0.949622154       1.34220910    
  0.952141047       1.33917415    
  0.954659939       1.33612442    
  0.957178831       1.33301353    
  0.959697723       1.32991004    
  0.962216616       1.32675195    
  0.964735508       1.32352412    
  0.967254400       1.32027841    
  0.969773293       1.31698763    
  0.972292185       1.31362915    
  0.974811077       1.31017971    
  0.977329969       1.30665827    
  0.979848862       1.30309463    
  0.982367754       1.29941595    
  0.984886646       1.29562068    
  0.987405539       1.29172778    
  0.989924431       1.28766179    
  0.992443323       1.28337908    
  0.994962215       1.27881372    
  0.997481108       1.27386713    
   1.00000000       1.26834011    
