   3.36700329E-03   47.2179871    
   6.73400657E-03   84.0482941    
   1.01010101E-02   89.2584381    
   1.34680131E-02   67.5502014    
   1.68350171E-02   50.6553421    
   2.02020202E-02   40.7543068    
   2.35690232E-02   30.3385849    
   2.69360263E-02   24.9328632    
   3.03030312E-02   20.9396591    
   3.36700343E-02   18.1907215    
   3.70370373E-02   15.6741581    
   4.04040404E-02   14.0250216    
   4.37710434E-02   12.1011076    
   4.71380465E-02   11.0679884    
   5.05050495E-02   9.97018337    
   5.38720526E-02   9.06322670    
   5.72390556E-02   8.11228943    
   6.06060624E-02   7.67655373    
   6.39730617E-02   7.02411652    
   6.73400685E-02   6.56259251    
   7.07070678E-02   6.10779905    
   7.40740746E-02   5.72792244    
   7.74410740E-02   5.31543684    
   8.08080807E-02   5.07937622    
   8.41750875E-02   4.70034075    
   8.75420868E-02   4.51473570    
   9.09090936E-02   4.23448086    
   9.42760929E-02   4.03524303    
   9.76430997E-02   3.83323956    
  0.101010099       3.68470168    
  0.104377106       3.48333025    
  0.107744105       3.40824676    
  0.111111112       3.21548510    
  0.114478111       3.10298896    
  0.117845118       2.96148181    
  0.121212125       2.83673215    
  0.124579124       2.71590781    
  0.127946123       2.62961459    
  0.131313130       2.55378628    
  0.134680137       2.49524403    
  0.138047144       2.35395837    
  0.141414136       2.30527806    
  0.144781142       2.21562195    
  0.148148149       2.15913868    
  0.151515156       2.09956145    
  0.154882148       2.04558778    
  0.158249155       1.96507788    
  0.161616161       1.91933918    
  0.164983168       1.86755431    
  0.168350175       1.80265653    
  0.171717167       1.75946701    
  0.175084174       1.72634375    
  0.178451180       1.69576252    
  0.181818187       1.62913585    
  0.185185179       1.59151077    
  0.188552186       1.56141376    
  0.191919193       1.53172433    
  0.195286199       1.49105704    
  0.198653191       1.49029529    
  0.202020198       1.41810167    
  0.205387205       1.38465786    
  0.208754212       1.35160863    
  0.212121218       1.32233429    
  0.215488210       1.30861127    
  0.218855217       1.26970279    
  0.222222224       1.25168383    
  0.225589231       1.21363747    
  0.228956223       1.20347178    
  0.232323229       1.18441343    
  0.235690236       1.16285646    
  0.239057243       1.13651252    
  0.242424250       1.11080980    
  0.245791242       1.09962380    
  0.249158248       1.07560349    
  0.252525240       1.06406069    
  0.255892247       1.04393852    
  0.259259254       1.01795590    
  0.262626261       1.00656939    
  0.265993267      0.990222812    
  0.269360274      0.976589978    
  0.272727281      0.953975916    
  0.276094288      0.939134777    
  0.279461265      0.929735720    
  0.282828271      0.908383965    
  0.286195278      0.896492422    
  0.289562285      0.887691259    
  0.292929292      0.868771791    
  0.296296299      0.860682786    
  0.299663305      0.858148575    
  0.303030312      0.834702194    
  0.306397319      0.822050512    
  0.309764296      0.812896907    
  0.313131303      0.797072768    
  0.316498309      0.784224927    
  0.319865316      0.775265634    
  0.323232323      0.771287560    
  0.326599330      0.757081509    
  0.329966336      0.745296478    
  0.333333343      0.734134197    
  0.336700350      0.729628801    
  0.340067327      0.718783677    
  0.343434334      0.715327740    
  0.346801341      0.701830149    
  0.350168347      0.692144990    
  0.353535354      0.687102377    
  0.356902361      0.680331469    
  0.360269368      0.664225221    
  0.363636374      0.656260014    
  0.367003381      0.655236125    
  0.370370358      0.644569814    
  0.373737365      0.635944188    
  0.377104372      0.643051803    
  0.380471379      0.632305026    
  0.383838385      0.615623593    
  0.387205392      0.607980013    
  0.390572399      0.604444683    
  0.393939406      0.592433393    
  0.397306383      0.595732391    
  0.400673389      0.579360962    
  0.404040396      0.577243149    
  0.407407403      0.567480147    
  0.410774410      0.563987136    
  0.414141417      0.560268819    
  0.417508423      0.549921453    
  0.420875430      0.544957876    
  0.424242437      0.539621890    
  0.427609414      0.535278618    
  0.430976421      0.534223616    
  0.434343427      0.525386453    
  0.437710434      0.518657088    
  0.441077441      0.516963780    
  0.444444448      0.511363268    
  0.447811455      0.503938735    
  0.451178461      0.500792623    
  0.454545468      0.494948685    
  0.457912445      0.490672797    
  0.461279452      0.487688541    
  0.464646459      0.484040022    
  0.468013465      0.484112740    
  0.471380472      0.472921282    
  0.474747479      0.469015539    
  0.478114486      0.467957467    
  0.481481493      0.461326957    
  0.484848499      0.455052495    
  0.488215476      0.451055139    
  0.491582483      0.450219601    
  0.494949490      0.446934164    
  0.498316497      0.439976484    
  0.501683474      0.436714500    
  0.505050480      0.433886737    
  0.508417487      0.429740816    
  0.511784494      0.427449405    
  0.515151501      0.420677066    
  0.518518507      0.418681890    
  0.521885514      0.416904092    
  0.525252521      0.413186461    
  0.528619528      0.410963178    
  0.531986535      0.408140689    
  0.535353541      0.405633390    
  0.538720548      0.401205510    
  0.542087555      0.396568418    
  0.545454562      0.393363625    
  0.548821568      0.392506987    
  0.552188575      0.387508869    
  0.555555582      0.385840178    
  0.558922529      0.383298904    
  0.562289536      0.379420817    
  0.565656543      0.375914395    
  0.569023550      0.371069193    
  0.572390556      0.370995045    
  0.575757563      0.369027376    
  0.579124570      0.365352839    
  0.582491577      0.364860058    
  0.585858583      0.359725118    
  0.589225590      0.357152313    
  0.592592597      0.355496854    
  0.595959604      0.355381638    
  0.599326611      0.352181196    
  0.602693617      0.349752307    
  0.606060624      0.345034420    
  0.609427631      0.346300811    
  0.612794638      0.342323720    
  0.616161644      0.337905645    
  0.619528592      0.335966349    
  0.622895598      0.332746863    
  0.626262605      0.332932711    
  0.629629612      0.327603489    
  0.632996619      0.325366229    
  0.636363626      0.323164642    
  0.639730632      0.321272373    
  0.643097639      0.318743169    
  0.646464646      0.318236887    
  0.649831653      0.315109551    
  0.653198659      0.314214647    
  0.656565666      0.312428087    
  0.659932673      0.309729606    
  0.663299680      0.307069808    
  0.666666687      0.306951016    
  0.670033693      0.304600507    
  0.673400700      0.305220842    
  0.676767647      0.300049156    
  0.680134654      0.298775643    
  0.683501661      0.295990199    
  0.686868668      0.295180887    
  0.690235674      0.293744057    
  0.693602681      0.291565299    
  0.696969688      0.289761961    
  0.700336695      0.287915200    
  0.703703701      0.287087947    
  0.707070708      0.285400242    
  0.710437715      0.282551169    
  0.713804722      0.282160938    
  0.717171729      0.279674947    
  0.720538735      0.278494060    
  0.723905742      0.276421875    
  0.727272749      0.273793161    
  0.730639756      0.273984522    
  0.734006763      0.272795975    
  0.737373710      0.270089746    
  0.740740716      0.269816637    
  0.744107723      0.265718967    
  0.747474730      0.266036928    
  0.750841737      0.263702124    
  0.754208744      0.265717685    
  0.757575750      0.262698054    
  0.760942757      0.262111425    
  0.764309764      0.258316368    
  0.767676771      0.257334381    
  0.771043777      0.255583704    
  0.774410784      0.254725307    
  0.777777791      0.254361123    
  0.781144798      0.252715588    
  0.784511805      0.250338078    
  0.787878811      0.249232993    
  0.791245818      0.247630179    
  0.794612765      0.248352095    
  0.797979772      0.245985687    
  0.801346779      0.244331032    
  0.804713786      0.245642066    
  0.808080792      0.241433129    
  0.811447799      0.242145196    
  0.814814806      0.238889754    
  0.818181813      0.239018977    
  0.821548820      0.237726346    
  0.824915826      0.235837534    
  0.828282833      0.236256883    
  0.831649840      0.233514696    
  0.835016847      0.231925577    
  0.838383853      0.232204720    
  0.841750860      0.230397120    
  0.845117867      0.229719728    
  0.848484874      0.227433965    
  0.851851881      0.227651402    
  0.855218828      0.226240560    
  0.858585835      0.225826889    
  0.861952841      0.225342900    
  0.865319848      0.224163622    
  0.868686855      0.223475963    
  0.872053862      0.221864507    
  0.875420868      0.220322102    
  0.878787875      0.219187587    
  0.882154882      0.219735861    
  0.885521889      0.218048573    
  0.888888896      0.217020988    
  0.892255902      0.216451332    
  0.895622909      0.214783415    
  0.898989916      0.214941263    
  0.902356923      0.215362087    
  0.905723929      0.212988064    
  0.909090936      0.212424755    
  0.912457883      0.210892141    
  0.915824890      0.210058630    
  0.919191897      0.211059645    
  0.922558904      0.209208518    
  0.925925910      0.208216652    
  0.929292917      0.207494721    
  0.932659924      0.207020685    
  0.936026931      0.207025528    
  0.939393938      0.204844445    
  0.942760944      0.204682425    
  0.946127951      0.203496933    
  0.949494958      0.202863723    
  0.952861965      0.202332169    
  0.956228971      0.202487081    
  0.959595978      0.200812489    
  0.962962985      0.200204730    
  0.966329992      0.199772850    
  0.969696999      0.199180752    
  0.973063946      0.198539302    
  0.976430953      0.197945088    
  0.979797959      0.197790474    
  0.983164966      0.197373897    
  0.986531973      0.196836472    
  0.989898980      0.196307003    
  0.993265986      0.197406381    
  0.996632993      0.195468530    
   1.00000000      0.194553167    
