   3.36700329E-03   1.08182120    
   6.73400657E-03   1.15925503    
   1.01010101E-02   1.22368968    
   1.34680131E-02   1.25633168    
   1.68350171E-02   1.27503085    
   2.02020202E-02   1.29352045    
   2.35690232E-02   1.29383039    
   2.69360263E-02   1.30206895    
   3.03030312E-02   1.30903399    
   3.36700343E-02   1.31747997    
   3.70370373E-02   1.32170749    
   4.04040404E-02   1.32985568    
   4.37710434E-02   1.32980299    
   4.71380465E-02   1.33781147    
   5.05050495E-02   1.34129083    
   5.38720526E-02   1.34502268    
   5.72390556E-02   1.34475267    
   6.06060624E-02   1.35312366    
   6.39730617E-02   1.35443676    
   6.73400685E-02   1.35891795    
   7.07070678E-02   1.36172092    
   7.40740746E-02   1.36498797    
   7.74410740E-02   1.36576939    
   8.08080807E-02   1.37138450    
   8.41750875E-02   1.37019968    
   8.75420868E-02   1.37551188    
   9.09090936E-02   1.37598407    
   9.42760929E-02   1.37905073    
   9.76430997E-02   1.38073266    
  0.101010099       1.38458729    
  0.104377106       1.38451314    
  0.107744105       1.39097631    
  0.111111112       1.39002597    
  0.114478111       1.39341223    
  0.117845118       1.39371955    
  0.121212125       1.39490783    
  0.124579124       1.39531922    
  0.127946123       1.39800322    
  0.131313130       1.40113032    
  0.134680137       1.40525758    
  0.138047144       1.40168226    
  0.141414136       1.40589511    
  0.144781142       1.40556896    
  0.148148149       1.40818632    
  0.151515156       1.41021597    
  0.154882148       1.41252422    
  0.158249155       1.41137588    
  0.161616161       1.41411042    
  0.164983168       1.41524470    
  0.168350175       1.41495323    
  0.171717167       1.41672111    
  0.175084174       1.41936123    
  0.178451180       1.42229903    
  0.181818187       1.42038679    
  0.185185179       1.42174494    
  0.188552186       1.42424798    
  0.191919193       1.42589486    
  0.195286199       1.42631328    
  0.198653191       1.43302631    
  0.202020198       1.42747569    
  0.205387205       1.42808425    
  0.208754212       1.42840111    
  0.212121218       1.42919254    
  0.215488210       1.43249667    
  0.218855217       1.43124115    
  0.222222224       1.43358493    
  0.225589231       1.43187046    
  0.228956223       1.43546057    
  0.232323229       1.43685722    
  0.235690236       1.43796432    
  0.239057243       1.43779564    
  0.242424250       1.43772566    
  0.245791242       1.44024479    
  0.249158248       1.43999279    
  0.252525240       1.44250500    
  0.255892247       1.44296753    
  0.259259254       1.44155681    
  0.262626261       1.44367552    
  0.265993267       1.44457269    
  0.269360274       1.44584942    
  0.272727281       1.44459140    
  0.276094288       1.44541276    
  0.279461265       1.44743991    
  0.282828271       1.44646358    
  0.286195278       1.44751716    
  0.289562285       1.44937587    
  0.292929292       1.44850779    
  0.296296299       1.45035195    
  0.299663305       1.45366240    
  0.303030312       1.45132887    
  0.306397319       1.45176470    
  0.309764296       1.45299101    
  0.313131303       1.45198369    
  0.316498309       1.45184731    
  0.319865316       1.45302856    
  0.323232323       1.45567191    
  0.326599330       1.45504367    
  0.329966336       1.45477438    
  0.333333343       1.45476496    
  0.336700350       1.45694387    
  0.340067327       1.45691550    
  0.343434334       1.45951545    
  0.346801341       1.45813096    
  0.350168347       1.45818293    
  0.353535354       1.45987713    
  0.356902361       1.46095276    
  0.360269368       1.45838094    
  0.363636374       1.45890701    
  0.367003381       1.46201801    
  0.370370358       1.46105373    
  0.373737365       1.46100163    
  0.377104372       1.46837890    
  0.380471379       1.46649909    
  0.383838385       1.46248078    
  0.387205392       1.46257460    
  0.390572399       1.46413863    
  0.393939406       1.46241021    
  0.397306383       1.46745706    
  0.400673389       1.46286309    
  0.404040396       1.46519816    
  0.407407403       1.46360707    
  0.410774410       1.46534264    
  0.414141417       1.46639609    
  0.417508423       1.46466160    
  0.420875430       1.46519351    
  0.424242437       1.46580899    
  0.427609414       1.46653163    
  0.430976421       1.46883285    
  0.434343427       1.46729887    
  0.437710434       1.46673656    
  0.441077441       1.46880710    
  0.444444448       1.46887505    
  0.447811455       1.46774983    
  0.451178461       1.46885502    
  0.454545468       1.46845448    
  0.457912445       1.46897423    
  0.461279452       1.47016978    
  0.464646459       1.47069776    
  0.468013465       1.47394764    
  0.471380472       1.46989226    
  0.474747479       1.47025764    
  0.478114486       1.47232628    
  0.481481493       1.47102249    
  0.484848499       1.47007799    
  0.488215476       1.47014618    
  0.491582483       1.47234154    
  0.494949490       1.47285938    
  0.498316497       1.47106647    
  0.501683474       1.47141206    
  0.505050480       1.47245944    
  0.508417487       1.47210145    
  0.511784494       1.47341394    
  0.515151501       1.47110033    
  0.518518507       1.47242689    
  0.521885514       1.47375703    
  0.525252521       1.47361314    
  0.528619528       1.47470593    
  0.531986535       1.47515142    
  0.535353541       1.47565341    
  0.538720548       1.47503889    
  0.542087555       1.47408319    
  0.545454562       1.47413409    
  0.548821568       1.47612882    
  0.552188575       1.47458231    
  0.555555582       1.47572923    
  0.558922529       1.47613049    
  0.562289536       1.47560322    
  0.565656543       1.47549605    
  0.569023550       1.47380590    
  0.572390556       1.47601211    
  0.575757563       1.47655320    
  0.579124570       1.47594416    
  0.582491577       1.47786677    
  0.585858583       1.47596049    
  0.589225590       1.47600639    
  0.592592597       1.47688663    
  0.595959604       1.47937405    
  0.599326611       1.47841024    
  0.602693617       1.47859633    
  0.606060624       1.47691596    
  0.609427631       1.48027456    
  0.612794638       1.47910321    
  0.616161644       1.47714698    
  0.619528592       1.47757173    
  0.622895598       1.47667313    
  0.626262605       1.47902310    
  0.629629612       1.47617817    
  0.632996619       1.47625256    
  0.636363626       1.47650945    
  0.639730632       1.47663951    
  0.643097639       1.47645485    
  0.646464646       1.47784877    
  0.649831653       1.47697830    
  0.653198659       1.47822702    
  0.656565666       1.47854972    
  0.659932673       1.47775233    
  0.663299680       1.47717226    
  0.666666687       1.47886908    
  0.670033693       1.47854447    
  0.673400700       1.48161232    
  0.676767647       1.47802913    
  0.680134654       1.47884285    
  0.683501661       1.47769129    
  0.686868668       1.47892809    
  0.690235674       1.47927165    
  0.693602681       1.47886455    
  0.696969688       1.47886121    
  0.700336695       1.47878122    
  0.703703701       1.47964358    
  0.707070708       1.47977185    
  0.710437715       1.47859168    
  0.713804722       1.48005080    
  0.717171729       1.47905028    
  0.720538735       1.47949564    
  0.723905742       1.47917557    
  0.727272749       1.47816563    
  0.730639756       1.48003376    
  0.734006763       1.48046362    
  0.737373710       1.47902036    
  0.740740716       1.48045540    
  0.744107723       1.47762036    
  0.747474730       1.47976017    
  0.750841737       1.47863901    
  0.754208744       1.48344409    
  0.757575750       1.48106992    
  0.760942757       1.48223472    
  0.764309764       1.47915447    
  0.767676771       1.47974074    
  0.771043777       1.47908401    
  0.774410784       1.47986090    
  0.777777791       1.48105240    
  0.781144798       1.48048806    
  0.784511805       1.47927105    
  0.787878811       1.47969127    
  0.791245818       1.47921109    
  0.794612765       1.48205888    
  0.797979772       1.48046076    
  0.801346779       1.48006356    
  0.804713786       1.48296070    
  0.808080792       1.47936440    
  0.811447799       1.48153603    
  0.814814806       1.47906184    
  0.818181813       1.48069215    
  0.821548820       1.48095071    
  0.824915826       1.47953498    
  0.828282833       1.48190224    
  0.831649840       1.47975707    
  0.835016847       1.47894669    
  0.838383853       1.48110998    
  0.841750860       1.47993934    
  0.845117867       1.48052537    
  0.848484874       1.47896647    
  0.851851881       1.48036754    
  0.855218828       1.48007965    
  0.858585835       1.48098314    
  0.861952841       1.48164296    
  0.865319848       1.48160553    
  0.868686855       1.48171389    
  0.872053862       1.48100877    
  0.875420868       1.48005259    
  0.878787875       1.48004210    
  0.882154882       1.48206818    
  0.885521889       1.48102486    
  0.888888896       1.48094535    
  0.892255902       1.48142374    
  0.895622909       1.48028910    
  0.898989916       1.48167515    
  0.902356923       1.48390937    
  0.905723929       1.48137748    
  0.909090936       1.48218310    
  0.912457883       1.48099005    
  0.915824890       1.48106360    
  0.919191897       1.48388326    
  0.922558904       1.48232019    
  0.925925910       1.48236525    
  0.929292917       1.48221231    
  0.932659924       1.48261952    
  0.936026931       1.48425293    
  0.939393938       1.48151743    
  0.942760944       1.48258901    
  0.946127951       1.48183072    
  0.949494958       1.48205066    
  0.952861965       1.48238528    
  0.956228971       1.48374808    
  0.959595978       1.48204517    
  0.962962985       1.48214161    
  0.966329992       1.48264253    
  0.969696999       1.48253512    
  0.973063946       1.48269832    
  0.976430953       1.48277426    
  0.979797959       1.48360431    
  0.983164966       1.48382974    
  0.986531973       1.48387647    
  0.989898980       1.48390603    
  0.993265986       1.48709023    
  0.996632993       1.48419476    
   1.00000000       1.48354053    
