   3.36700329E-03   3.52400041    
   6.73400657E-03   3.46247840    
   1.01010101E-02   3.41359901    
   1.34680131E-02   3.34590435    
   1.68350171E-02   3.27645159    
   2.02020202E-02   3.22154856    
   2.35690232E-02   3.14908290    
   2.69360263E-02   3.09675050    
   3.03030312E-02   3.04900193    
   3.36700343E-02   3.00834489    
   3.70370373E-02   2.96514344    
   4.04040404E-02   2.93359613    
   4.37710434E-02   2.89184189    
   4.71380465E-02   2.86652899    
   5.05050495E-02   2.83446527    
   5.38720526E-02   2.80633378    
   5.72390556E-02   2.77314782    
   6.06060624E-02   2.75504208    
   6.39730617E-02   2.72757220    
   6.73400685E-02   2.70771790    
   7.07070678E-02   2.68518448    
   7.40740746E-02   2.66506982    
   7.74410740E-02   2.64320922    
   8.08080807E-02   2.62804890    
   8.41750875E-02   2.60506225    
   8.75420868E-02   2.59208536    
   9.09090936E-02   2.57099032    
   9.42760929E-02   2.55631328    
   9.76430997E-02   2.53940988    
  0.101010099       2.52649570    
  0.104377106       2.50871468    
  0.107744105       2.50078821    
  0.111111112       2.48325014    
  0.114478111       2.47109270    
  0.117845118       2.45615458    
  0.121212125       2.44351506    
  0.124579124       2.42892098    
  0.127946123       2.41853189    
  0.131313130       2.40992761    
  0.134680137       2.40194106    
  0.138047144       2.38369131    
  0.141414136       2.37612557    
  0.144781142       2.36298275    
  0.148148149       2.35399532    
  0.151515156       2.34460902    
  0.154882148       2.33639026    
  0.158249155       2.32368398    
  0.161616161       2.31652308    
  0.164983168       2.30635715    
  0.168350175       2.29666901    
  0.171717167       2.28851986    
  0.175084174       2.28140235    
  0.178451180       2.27448559    
  0.181818187       2.26296043    
  0.185185179       2.25511956    
  0.188552186       2.24933290    
  0.191919193       2.24114108    
  0.195286199       2.23298883    
  0.198653191       2.23361826    
  0.202020198       2.21761441    
  0.205387205       2.21020269    
  0.208754212       2.20213509    
  0.212121218       2.19449592    
  0.215488210       2.19056273    
  0.218855217       2.18189216    
  0.222222224       2.17656636    
  0.225589231       2.16696930    
  0.228956223       2.16297626    
  0.232323229       2.15712833    
  0.235690236       2.15151453    
  0.239057243       2.14510465    
  0.242424250       2.13777065    
  0.245791242       2.13337183    
  0.249158248       2.12589669    
  0.252525240       2.12232971    
  0.255892247       2.11652112    
  0.259259254       2.10817051    
  0.262626261       2.10460353    
  0.265993267       2.09921432    
  0.269360274       2.09497738    
  0.272727281       2.08653116    
  0.276094288       2.08169532    
  0.279461265       2.07770991    
  0.282828271       2.07145667    
  0.286195278       2.06648088    
  0.289562285       2.06254578    
  0.292929292       2.05647373    
  0.296296299       2.05293131    
  0.299663305       2.04980922    
  0.303030312       2.04332161    
  0.306397319       2.03914714    
  0.309764296       2.03457093    
  0.313131303       2.02814269    
  0.316498309       2.02294636    
  0.319865316       2.01953173    
  0.323232323       2.01674223    
  0.326599330       2.01152492    
  0.329966336       2.00627136    
  0.333333343       2.00191164    
  0.336700350       1.99877918    
  0.340067327       1.99450290    
  0.343434334       1.99215913    
  0.346801341       1.98576581    
  0.350168347       1.98193884    
  0.353535354       1.97853041    
  0.356902361       1.97537053    
  0.360269368       1.96903551    
  0.363636374       1.96538305    
  0.367003381       1.96414244    
  0.370370358       1.95858145    
  0.373737365       1.95432127    
  0.377104372       1.95820892    
  0.380471379       1.95159769    
  0.383838385       1.94351852    
  0.387205392       1.94004548    
  0.390572399       1.93682837    
  0.393939406       1.93242526    
  0.397306383       1.93364346    
  0.400673389       1.92474723    
  0.404040396       1.92355323    
  0.407407403       1.91776741    
  0.410774410       1.91620779    
  0.414141417       1.91269672    
  0.417508423       1.90835333    
  0.420875430       1.90497470    
  0.424242437       1.90214610    
  0.427609414       1.89941001    
  0.430976421       1.89775312    
  0.434343427       1.89271903    
  0.437710434       1.88909292    
  0.441077441       1.88726676    
  0.444444448       1.88423729    
  0.447811455       1.88027978    
  0.451178461       1.87754738    
  0.454545468       1.87388635    
  0.457912445       1.87119877    
  0.461279452       1.86919761    
  0.464646459       1.86635768    
  0.468013465       1.86606371    
  0.471380472       1.85950124    
  0.474747479       1.85682273    
  0.478114486       1.85574818    
  0.481481493       1.85133815    
  0.484848499       1.84770668    
  0.488215476       1.84459817    
  0.491582483       1.84378302    
  0.494949490       1.84118283    
  0.498316497       1.83660007    
  0.501683474       1.83393395    
  0.505050480       1.83234692    
  0.508417487       1.82907581    
  0.511784494       1.82767200    
  0.515151501       1.82263517    
  0.518518507       1.82104707    
  0.521885514       1.81945956    
  0.525252521       1.81677747    
  0.528619528       1.81516743    
  0.531986535       1.81267941    
  0.535353541       1.81068897    
  0.538720548       1.80756629    
  0.542087555       1.80409169    
  0.545454562       1.80113566    
  0.548821568       1.80091500    
  0.552188575       1.79655111    
  0.555555582       1.79532480    
  0.558922529       1.79333484    
  0.562289536       1.79022157    
  0.565656543       1.78864348    
  0.569023550       1.78410232    
  0.572390556       1.78300297    
  0.575757563       1.78093076    
  0.579124570       1.77826798    
  0.582491577       1.77752006    
  0.585858583       1.77361786    
  0.589225590       1.77135348    
  0.592592597       1.76983440    
  0.595959604       1.76971054    
  0.599326611       1.76621747    
  0.602693617       1.76424789    
  0.606060624       1.76109684    
  0.609427631       1.76192009    
  0.612794638       1.75882196    
  0.616161644       1.75448728    
  0.619528592       1.75278389    
  0.622895598       1.74953306    
  0.626262605       1.74937069    
  0.629629612       1.74492168    
  0.632996619       1.74315166    
  0.636363626       1.74104750    
  0.639730632       1.73938966    
  0.643097639       1.73732531    
  0.646464646       1.73599398    
  0.649831653       1.73349178    
  0.653198659       1.73243773    
  0.656565666       1.73111475    
  0.659932673       1.72802889    
  0.663299680       1.72599494    
  0.666666687       1.72519696    
  0.670033693       1.72302473    
  0.673400700       1.72458994    
  0.676767647       1.71875608    
  0.680134654       1.71783006    
  0.683501661       1.71465790    
  0.686868668       1.71420598    
  0.690235674       1.71227336    
  0.693602681       1.71006870    
  0.696969688       1.70846260    
  0.700336695       1.70669973    
  0.703703701       1.70536053    
  0.707070708       1.70375013    
  0.710437715       1.70139730    
  0.713804722       1.70053399    
  0.717171729       1.69816053    
  0.720538735       1.69650578    
  0.723905742       1.69457078    
  0.727272749       1.69241989    
  0.730639756       1.69201922    
  0.734006763       1.69067550    
  0.737373710       1.68777883    
  0.740740716       1.68717182    
  0.744107723       1.68408000    
  0.747474730       1.68348503    
  0.750841737       1.68111444    
  0.754208744       1.68361092    
  0.757575750       1.68008935    
  0.760942757       1.67935133    
  0.764309764       1.67533636    
  0.767676771       1.67431176    
  0.771043777       1.67225325    
  0.774410784       1.67146707    
  0.777777791       1.67041361    
  0.781144798       1.66838145    
  0.784511805       1.66635561    
  0.787878811       1.66535115    
  0.791245818       1.66359127    
  0.794612765       1.66457820    
  0.797979772       1.66145468    
  0.801346779       1.65985870    
  0.804713786       1.65973508    
  0.808080792       1.65666032    
  0.811447799       1.65634370    
  0.814814806       1.65334332    
  0.818181813       1.65315235    
  0.821548820       1.65248764    
  0.824915826       1.64954484    
  0.828282833       1.65053642    
  0.831649840       1.64732575    
  0.835016847       1.64534450    
  0.838383853       1.64624465    
  0.841750860       1.64347458    
  0.845117867       1.64248419    
  0.848484874       1.64031696    
  0.851851881       1.63983071    
  0.855218828       1.63858664    
  0.858585835       1.63785839    
  0.861952841       1.63723862    
  0.865319848       1.63666904    
  0.868686855       1.63443637    
  0.872053862       1.63278651    
  0.875420868       1.63110161    
  0.878787875       1.63003039    
  0.882154882       1.63002276    
  0.885521889       1.62826800    
  0.888888896       1.62726021    
  0.892255902       1.62624407    
  0.895622909       1.62452400    
  0.898989916       1.62377787    
  0.902356923       1.62445223    
  0.905723929       1.62181640    
  0.909090936       1.62174201    
  0.912457883       1.61938357    
  0.915824890       1.61840308    
  0.919191897       1.61904943    
  0.922558904       1.61694014    
  0.925925910       1.61651564    
  0.929292917       1.61515248    
  0.932659924       1.61409521    
  0.936026931       1.61445665    
  0.939393938       1.61115229    
  0.942760944       1.61131763    
  0.946127951       1.60998809    
  0.949494958       1.60910940    
  0.952861965       1.60812664    
  0.956228971       1.60837424    
  0.959595978       1.60606110    
  0.962962985       1.60534406    
  0.966329992       1.60480046    
  0.969696999       1.60353160    
  0.973063946       1.60315692    
  0.976430953       1.60225940    
  0.979797959       1.60198545    
  0.983164966       1.60118556    
  0.986531973       1.60041714    
  0.989898980       1.59980118    
  0.993265986       1.60111535    
  0.996632993       1.59817684    
   1.00000000       1.59727800    
