   3.36700329E-03  0.223118603    
   6.73400657E-03  0.225138709    
   1.01010101E-02  0.227428749    
   1.34680131E-02  0.228088081    
   1.68350171E-02  0.227660239    
   2.02020202E-02  0.227652997    
   2.35690232E-02  0.225896716    
   2.69360263E-02  0.224954635    
   3.03030312E-02  0.223994985    
   3.36700343E-02  0.223221943    
   3.70370373E-02  0.221891031    
   4.04040404E-02  0.221487030    
   4.37710434E-02  0.219893977    
   4.71380465E-02  0.219735771    
   5.05050495E-02  0.218547016    
   5.38720526E-02  0.217732042    
   5.72390556E-02  0.216132879    
   6.06060624E-02  0.215990901    
   6.39730617E-02  0.214735597    
   6.73400685E-02  0.214346230    
   7.07070678E-02  0.213399604    
   7.40740746E-02  0.212706730    
   7.74410740E-02  0.211785778    
   8.08080807E-02  0.211451173    
   8.41750875E-02  0.210246697    
   8.75420868E-02  0.210147351    
   9.09090936E-02  0.208741009    
   9.42760929E-02  0.208292022    
   9.76430997E-02  0.207432628    
  0.101010099      0.207026467    
  0.104377106      0.205966249    
  0.107744105      0.206138700    
  0.111111112      0.205035970    
  0.114478111      0.204531655    
  0.117845118      0.203634292    
  0.121212125      0.203088745    
  0.124579124      0.202130020    
  0.127946123      0.201759577    
  0.131313130      0.201740131    
  0.134680137      0.201600984    
  0.138047144      0.199972555    
  0.141414136      0.199764997    
  0.144781142      0.198830411    
  0.148148149      0.198422179    
  0.151515156      0.197956517    
  0.154882148      0.197659925    
  0.158249155      0.196707368    
  0.161616161      0.196524113    
  0.164983168      0.195774496    
  0.168350175      0.195304811    
  0.171717167      0.194873258    
  0.175084174      0.194554299    
  0.178451180      0.194170997    
  0.181818187      0.193268567    
  0.185185179      0.192816019    
  0.188552186      0.192695677    
  0.191919193      0.192043886    
  0.195286199      0.191525549    
  0.198653191      0.192298546    
  0.202020198      0.190580502    
  0.205387205      0.190127015    
  0.208754212      0.189511597    
  0.212121218      0.188901916    
  0.215488210      0.188926578    
  0.218855217      0.188288420    
  0.222222224      0.187962741    
  0.225589231      0.187064469    
  0.228956223      0.186952546    
  0.232323229      0.186535403    
  0.235690236      0.186251640    
  0.239057243      0.185944617    
  0.242424250      0.185225040    
  0.245791242      0.185024187    
  0.249158248      0.184323132    
  0.252525240      0.184321359    
  0.255892247      0.183886737    
  0.259259254      0.182979345    
  0.262626261      0.182966217    
  0.265993267      0.182533726    
  0.269360274      0.182429701    
  0.272727281      0.181361213    
  0.276094288      0.181075096    
  0.279461265      0.180862695    
  0.282828271      0.180331945    
  0.286195278      0.179911420    
  0.289562285      0.179665476    
  0.292929292      0.179136887    
  0.296296299      0.178998500    
  0.299663305      0.178719655    
  0.303030312      0.178234890    
  0.306397319      0.178028628    
  0.309764296      0.177551106    
  0.313131303      0.176875755    
  0.316498309      0.176373661    
  0.319865316      0.176271334    
  0.323232323      0.176049486    
  0.326599330      0.175576612    
  0.329966336      0.175053477    
  0.333333343      0.174716800    
  0.336700350      0.174470440    
  0.340067327      0.174132034    
  0.343434334      0.174075961    
  0.346801341      0.173238486    
  0.350168347      0.172999516    
  0.353535354      0.172663540    
  0.356902361      0.172454089    
  0.360269368      0.171755612    
  0.363636374      0.171453997    
  0.367003381      0.171559095    
  0.370370358      0.170840204    
  0.373737365      0.170404583    
  0.377104372      0.171477988    
  0.380471379      0.170574993    
  0.383838385      0.169413239    
  0.387205392      0.169177204    
  0.390572399      0.168766901    
  0.393939406      0.168451890    
  0.397306383      0.168894410    
  0.400673389      0.167575225    
  0.404040396      0.167693019    
  0.407407403      0.166845679    
  0.410774410      0.166912809    
  0.414141417      0.166436806    
  0.417508423      0.166038811    
  0.420875430      0.165644407    
  0.424242437      0.165416136    
  0.427609414      0.165208101    
  0.430976421      0.165126592    
  0.434343427      0.164413080    
  0.437710434      0.164050177    
  0.441077441      0.163894698    
  0.444444448      0.163631812    
  0.447811455      0.163207963    
  0.451178461      0.162887916    
  0.454545468      0.162410155    
  0.457912445      0.162183002    
  0.461279452      0.162031576    
  0.464646459      0.161706001    
  0.468013465      0.161932230    
  0.471380472      0.160882294    
  0.474747479      0.160627916    
  0.478114486      0.160709754    
  0.481481493      0.160017103    
  0.484848499      0.159565032    
  0.488215476      0.159170225    
  0.491582483      0.159255385    
  0.494949490      0.158989727    
  0.498316497      0.158272341    
  0.501683474      0.157950312    
  0.505050480      0.157913178    
  0.508417487      0.157434881    
  0.511784494      0.157405391    
  0.515151501      0.156600818    
  0.518518507      0.156469092    
  0.521885514      0.156371117    
  0.525252521      0.156065583    
  0.528619528      0.155972585    
  0.531986535      0.155604020    
  0.535353541      0.155448705    
  0.538720548      0.155032054    
  0.542087555      0.154525504    
  0.545454562      0.154065058    
  0.548821568      0.154265285    
  0.552188575      0.153528690    
  0.555555582      0.153530180    
  0.558922529      0.153351158    
  0.562289536      0.152832225    
  0.565656543      0.152883932    
  0.569023550      0.152011558    
  0.572390556      0.151863709    
  0.575757563      0.151609242    
  0.579124570      0.151276708    
  0.582491577      0.151271656    
  0.585858583      0.150648609    
  0.589225590      0.150374949    
  0.592592597      0.150227413    
  0.595959604      0.150360137    
  0.599326611      0.149756283    
  0.602693617      0.149545670    
  0.606060624      0.149095610    
  0.609427631      0.149473086    
  0.612794638      0.148989767    
  0.616161644      0.148168758    
  0.619528592      0.147975668    
  0.622895598      0.147424236    
  0.626262605      0.147533879    
  0.629629612      0.146751881    
  0.632996619      0.146588027    
  0.636363626      0.146250322    
  0.639730632      0.146100625    
  0.643097639      0.145822361    
  0.646464646      0.145594850    
  0.649831653      0.145239010    
  0.653198659      0.145153537    
  0.656565666      0.145079002    
  0.659932673      0.144494414    
  0.663299680      0.144257560    
  0.666666687      0.144150600    
  0.670033693      0.143868417    
  0.673400700      0.144378930    
  0.676767647      0.143200442    
  0.680134654      0.143188760    
  0.683501661      0.142569885    
  0.686868668      0.142679498    
  0.690235674      0.142318547    
  0.693602681      0.141960800    
  0.696969688      0.141768828    
  0.700336695      0.141526222    
  0.703703701      0.141339257    
  0.707070708      0.141101718    
  0.710437715      0.140792236    
  0.713804722      0.140635118    
  0.717171729      0.140321687    
  0.720538735      0.139987767    
  0.723905742      0.139694721    
  0.727272749      0.139388219    
  0.730639756      0.139369950    
  0.734006763      0.139203206    
  0.737373710      0.138660014    
  0.740740716      0.138624936    
  0.744107723      0.138189137    
  0.747474730      0.138066694    
  0.750841737      0.137670249    
  0.754208744      0.138354883    
  0.757575750      0.137745619    
  0.760942757      0.137622565    
  0.764309764      0.136828020    
  0.767676771      0.136725128    
  0.771043777      0.136367366    
  0.774410784      0.136334881    
  0.777777791      0.136109531    
  0.781144798      0.135746881    
  0.784511805      0.135466650    
  0.787878811      0.135385260    
  0.791245818      0.135107949    
  0.794612765      0.135407031    
  0.797979772      0.134767264    
  0.801346779      0.134553581    
  0.804713786      0.134479076    
  0.808080792      0.134060144    
  0.811447799      0.134014025    
  0.814814806      0.133450210    
  0.818181813      0.133499712    
  0.821548820      0.133533686    
  0.824915826      0.132894963    
  0.828282833      0.133321553    
  0.831649840      0.132630304    
  0.835016847      0.132263288    
  0.838383853      0.132671431    
  0.841750860      0.132039577    
  0.845117867      0.131892145    
  0.848484874      0.131534770    
  0.851851881      0.131477237    
  0.855218828      0.131337538    
  0.858585835      0.131222382    
  0.861952841      0.131224096    
  0.865319848      0.131259307    
  0.868686855      0.130697623    
  0.872053862      0.130445823    
  0.875420868      0.130192980    
  0.878787875      0.130063534    
  0.882154882      0.130104348    
  0.885521889      0.129828230    
  0.888888896      0.129753128    
  0.892255902      0.129574701    
  0.895622909      0.129332080    
  0.898989916      0.129155710    
  0.902356923      0.129456490    
  0.905723929      0.128995270    
  0.909090936      0.129142344    
  0.912457883      0.128667668    
  0.915824890      0.128583223    
  0.919191897      0.128770232    
  0.922558904      0.128426611    
  0.925925910      0.128554404    
  0.929292917      0.128312007    
  0.932659924      0.128143921    
  0.936026931      0.128409207    
  0.939393938      0.127720550    
  0.942760944      0.127939492    
  0.946127951      0.127811432    
  0.949494958      0.127738968    
  0.952861965      0.127637357    
  0.956228971      0.127893612    
  0.959595978      0.127503812    
  0.962962985      0.127505824    
  0.966329992      0.127577379    
  0.969696999      0.127406135    
  0.973063946      0.127616808    
  0.976430953      0.127594262    
  0.979797959      0.127761185    
  0.983164966      0.127819121    
  0.986531973      0.127918288    
  0.989898980      0.128146991    
  0.993265986      0.128756464    
  0.996632993      0.128338709    
   1.00000000      0.128496513    
