   3.36700329E-03   2.29267597    
   6.73400657E-03   2.45934772    
   1.01010101E-02   2.59557700    
   1.34680131E-02   2.70246577    
   1.68350171E-02   2.78968143    
   2.02020202E-02   2.86200738    
   2.35690232E-02   2.90056014    
   2.69360263E-02   2.93968439    
   3.03030312E-02   2.95975041    
   3.36700343E-02   2.97809315    
   3.70370373E-02   2.98127890    
   4.04040404E-02   2.98860049    
   4.37710434E-02   2.98717690    
   4.71380465E-02   2.97983527    
   5.05050495E-02   2.96846008    
   5.38720526E-02   2.95886159    
   5.72390556E-02   2.93842697    
   6.06060624E-02   2.93241549    
   6.39730617E-02   2.91491270    
   6.73400685E-02   2.90326142    
   7.07070678E-02   2.88655901    
   7.40740746E-02   2.87225962    
   7.74410740E-02   2.85514998    
   8.08080807E-02   2.84408784    
   8.41750875E-02   2.82389593    
   8.75420868E-02   2.81485105    
   9.09090936E-02   2.79368711    
   9.42760929E-02   2.78109074    
   9.76430997E-02   2.76574254    
  0.101010099       2.75465608    
  0.104377106       2.73670793    
  0.107744105       2.73083758    
  0.111111112       2.71303701    
  0.114478111       2.70153904    
  0.117845118       2.68602586    
  0.121212125       2.67342591    
  0.124579124       2.65875626    
  0.127946123       2.64822412    
  0.131313130       2.64145184    
  0.134680137       2.63396811    
  0.138047144       2.61309576    
  0.141414136       2.60600233    
  0.144781142       2.59172225    
  0.148148149       2.58303261    
  0.151515156       2.57308841    
  0.154882148       2.56507421    
  0.158249155       2.55161572    
  0.161616161       2.54460907    
  0.164983168       2.53364325    
  0.168350175       2.52400851    
  0.171717167       2.51648641    
  0.175084174       2.50878048    
  0.178451180       2.50119662    
  0.181818187       2.48886633    
  0.185185179       2.48056054    
  0.188552186       2.47519636    
  0.191919193       2.46680236    
  0.195286199       2.45765758    
  0.198653191       2.45861840    
  0.202020198       2.44185281    
  0.205387205       2.43429804    
  0.208754212       2.42568564    
  0.212121218       2.41723108    
  0.215488210       2.41399193    
  0.218855217       2.40502095    
  0.222222224       2.39907622    
  0.225589231       2.38839197    
  0.228956223       2.38520265    
  0.232323229       2.37851572    
  0.235690236       2.37285066    
  0.239057243       2.36893868    
  0.242424250       2.35844660    
  0.245791242       2.35418034    
  0.249158248       2.34620643    
  0.252525240       2.34317660    
  0.255892247       2.33701897    
  0.259259254       2.32710361    
  0.262626261       2.32453156    
  0.265993267       2.31826186    
  0.269360274       2.31502247    
  0.272727281       2.30494738    
  0.276094288       2.29976439    
  0.279461265       2.29616642    
  0.282828271       2.28945851    
  0.286195278       2.28379440    
  0.289562285       2.27989793    
  0.292929292       2.27353835    
  0.296296299       2.27067137    
  0.299663305       2.26736093    
  0.303030312       2.26018262    
  0.306397319       2.25639510    
  0.309764296       2.25106621    
  0.313131303       2.24431801    
  0.316498309       2.23860240    
  0.319865316       2.23602462    
  0.323232323       2.23254180    
  0.326599330       2.22707868    
  0.329966336       2.22154284    
  0.333333343       2.21715617    
  0.336700350       2.21377993    
  0.340067327       2.20941949    
  0.343434334       2.20755172    
  0.346801341       2.19980836    
  0.350168347       2.19626236    
  0.353535354       2.19260383    
  0.356902361       2.18932748    
  0.360269368       2.18246770    
  0.363636374       2.17862511    
  0.367003381       2.17815256    
  0.370370358       2.17191386    
  0.373737365       2.16721630    
  0.377104372       2.17276788    
  0.380471379       2.16551542    
  0.383838385       2.15599394    
  0.387205392       2.15311670    
  0.390572399       2.14921165    
  0.393939406       2.14494705    
  0.397306383       2.14606428    
  0.400673389       2.13638973    
  0.404040396       2.13617229    
  0.407407403       2.12908673    
  0.410774410       2.12807870    
  0.414141417       2.12390137    
  0.417508423       2.11989450    
  0.420875430       2.11602736    
  0.424242437       2.11315250    
  0.427609414       2.11115432    
  0.430976421       2.10946035    
  0.434343427       2.10331726    
  0.437710434       2.10008454    
  0.441077441       2.09783268    
  0.444444448       2.09488535    
  0.447811455       2.09125257    
  0.451178461       2.08811784    
  0.454545468       2.08368778    
  0.457912445       2.08152962    
  0.461279452       2.07931352    
  0.464646459       2.07716608    
  0.468013465       2.07722592    
  0.471380472       2.06893468    
  0.474747479       2.06668067    
  0.478114486       2.06664133    
  0.481481493       2.06127405    
  0.484848499       2.05689263    
  0.488215476       2.05351543    
  0.491582483       2.05345845    
  0.494949490       2.05151796    
  0.498316497       2.04557133    
  0.501683474       2.04273605    
  0.505050480       2.04175973    
  0.508417487       2.03774166    
  0.511784494       2.03699183    
  0.515151501       2.03107405    
  0.518518507       2.02972627    
  0.521885514       2.02815032    
  0.525252521       2.02596307    
  0.528619528       2.02435756    
  0.531986535       2.02157736    
  0.535353541       2.01993299    
  0.538720548       2.01671410    
  0.542087555       2.01264238    
  0.545454562       2.00947380    
  0.548821568       2.00972414    
  0.552188575       2.00476766    
  0.555555582       2.00429749    
  0.558922529       2.00276542    
  0.562289536       1.99859285    
  0.565656543       1.99828768    
  0.569023550       1.99220371    
  0.572390556       1.99099874    
  0.575757563       1.98983526    
  0.579124570       1.98646247    
  0.582491577       1.98628104    
  0.585858583       1.98151886    
  0.589225590       1.97961223    
  0.592592597       1.97814584    
  0.595959604       1.97832286    
  0.599326611       1.97507834    
  0.602693617       1.97282851    
  0.606060624       1.96942139    
  0.609427631       1.97143912    
  0.612794638       1.96788812    
  0.616161644       1.96330416    
  0.619528592       1.96090353    
  0.622895598       1.95758760    
  0.626262605       1.95763969    
  0.629629612       1.95245445    
  0.632996619       1.95148218    
  0.636363626       1.94851232    
  0.639730632       1.94756734    
  0.643097639       1.94530678    
  0.646464646       1.94378948    
  0.649831653       1.94124210    
  0.653198659       1.94040000    
  0.656565666       1.93955708    
  0.659932673       1.93611062    
  0.663299680       1.93403387    
  0.666666687       1.93335569    
  0.670033693       1.93171871    
  0.673400700       1.93313897    
  0.676767647       1.92665195    
  0.680134654       1.92685628    
  0.683501661       1.92232323    
  0.686868668       1.92284966    
  0.690235674       1.92167532    
  0.693602681       1.91793466    
  0.696969688       1.91664827    
  0.700336695       1.91560292    
  0.703703701       1.91370070    
  0.707070708       1.91207075    
  0.710437715       1.91040242    
  0.713804722       1.90860832    
  0.717171729       1.90708458    
  0.720538735       1.90472186    
  0.723905742       1.90237880    
  0.727272749       1.90028405    
  0.730639756       1.90024984    
  0.734006763       1.89902616    
  0.737373710       1.89561582    
  0.740740716       1.89545882    
  0.744107723       1.89223754    
  0.747474730       1.89151943    
  0.750841737       1.88911521    
  0.754208744       1.89282322    
  0.757575750       1.88940418    
  0.760942757       1.88812745    
  0.764309764       1.88342416    
  0.767676771       1.88244176    
  0.771043777       1.88030374    
  0.774410784       1.88012004    
  0.777777791       1.87871039    
  0.781144798       1.87631857    
  0.784511805       1.87433457    
  0.787878811       1.87376332    
  0.791245818       1.87204564    
  0.794612765       1.87290502    
  0.797979772       1.86958420    
  0.801346779       1.86818099    
  0.804713786       1.86781025    
  0.808080792       1.86493993    
  0.811447799       1.86517978    
  0.814814806       1.86131263    
  0.818181813       1.86153483    
  0.821548820       1.86107922    
  0.824915826       1.85759044    
  0.828282833       1.85990047    
  0.831649840       1.85535979    
  0.835016847       1.85318732    
  0.838383853       1.85523176    
  0.841750860       1.85190618    
  0.845117867       1.85047531    
  0.848484874       1.84810579    
  0.851851881       1.84797418    
  0.855218828       1.84707808    
  0.858585835       1.84576559    
  0.861952841       1.84578288    
  0.865319848       1.84546638    
  0.868686855       1.84252024    
  0.872053862       1.84070146    
  0.875420868       1.83903396    
  0.878787875       1.83788085    
  0.882154882       1.83821332    
  0.885521889       1.83610725    
  0.888888896       1.83542550    
  0.892255902       1.83417416    
  0.895622909       1.83263457    
  0.898989916       1.83179736    
  0.902356923       1.83267331    
  0.905723929       1.82992232    
  0.909090936       1.83003163    
  0.912457883       1.82733643    
  0.915824890       1.82644558    
  0.919191897       1.82706952    
  0.922558904       1.82479370    
  0.925925910       1.82524717    
  0.929292917       1.82373333    
  0.932659924       1.82193649    
  0.936026931       1.82288754    
  0.939393938       1.81883776    
  0.942760944       1.81941414    
  0.946127951       1.81936252    
  0.949494958       1.81704867    
  0.952861965       1.81607103    
  0.956228971       1.81692588    
  0.959595978       1.81419361    
  0.962962985       1.81344676    
  0.966329992       1.81277049    
  0.969696999       1.81109142    
  0.973063946       1.81141341    
  0.976430953       1.81019378    
  0.979797959       1.80996430    
  0.983164966       1.80916524    
  0.986531973       1.80859160    
  0.989898980       1.80879664    
  0.993265986       1.81030750    
  0.996632993       1.80695796    
   1.00000000       1.80626631    
