   3.36700329E-03   1.92709172    
   6.73400657E-03   1.99565661    
   1.01010101E-02   2.05644131    
   1.34680131E-02   2.11024904    
   1.68350171E-02   2.16043591    
   2.02020202E-02   2.20842862    
   2.35690232E-02   2.24592066    
   2.69360263E-02   2.28586602    
   3.03030312E-02   2.31921434    
   3.36700343E-02   2.35295081    
   3.70370373E-02   2.37995076    
   4.04040404E-02   2.40930724    
   4.37710434E-02   2.43428731    
   4.71380465E-02   2.45492363    
   5.05050495E-02   2.47247314    
   5.38720526E-02   2.49024820    
   5.72390556E-02   2.49980736    
   6.06060624E-02   2.51758981    
   6.39730617E-02   2.52647924    
   6.73400685E-02   2.53831220    
   7.07070678E-02   2.54513144    
   7.40740746E-02   2.55247188    
   7.74410740E-02   2.55656075    
   8.08080807E-02   2.56403136    
   8.41750875E-02   2.56320405    
   8.75420868E-02   2.57019234    
   9.09090936E-02   2.56615615    
   9.42760929E-02   2.56833100    
   9.76430997E-02   2.56708837    
  0.101010099       2.56872439    
  0.104377106       2.56348109    
  0.107744105       2.56804204    
  0.111111112       2.56150675    
  0.114478111       2.55983996    
  0.117845118       2.55376053    
  0.121212125       2.54987049    
  0.124579124       2.54335070    
  0.127946123       2.54016995    
  0.131313130       2.54008317    
  0.134680137       2.53882742    
  0.138047144       2.52462697    
  0.141414136       2.52294087    
  0.144781142       2.51403260    
  0.148148149       2.51011586    
  0.151515156       2.50472307    
  0.154882148       2.50088549    
  0.158249155       2.49153662    
  0.161616161       2.48819613    
  0.164983168       2.48066068    
  0.168350175       2.47433281    
  0.171717167       2.46976256    
  0.175084174       2.46478343    
  0.178451180       2.45976901    
  0.181818187       2.45009661    
  0.185185179       2.44406271    
  0.188552186       2.44081020    
  0.191919193       2.43433571    
  0.195286199       2.42713189    
  0.198653191       2.42972970    
  0.202020198       2.41478229    
  0.205387205       2.40877438    
  0.208754212       2.40161729    
  0.212121218       2.39453530    
  0.215488210       2.39247084    
  0.218855217       2.38474059    
  0.222222224       2.37989426    
  0.225589231       2.37032390    
  0.228956223       2.36805940    
  0.232323229       2.36226654    
  0.235690236       2.35747266    
  0.239057243       2.35432863    
  0.242424250       2.34468699    
  0.245791242       2.34109712    
  0.249158248       2.33381987    
  0.252525240       2.33139372    
  0.255892247       2.32583976    
  0.259259254       2.31652880    
  0.262626261       2.31444407    
  0.265993267       2.30869508    
  0.269360274       2.30588317    
  0.272727281       2.29629111    
  0.276094288       2.29152489    
  0.279461265       2.28829980    
  0.282828271       2.28198957    
  0.286195278       2.27667546    
  0.289562285       2.27309179    
  0.292929292       2.26705313    
  0.296296299       2.26445031    
  0.299663305       2.26139498    
  0.303030312       2.25452161    
  0.306397319       2.25097156    
  0.309764296       2.24588108    
  0.313131303       2.23936129    
  0.316498309       2.23385978    
  0.319865316       2.23146224    
  0.323232323       2.22816563    
  0.326599330       2.22289014    
  0.329966336       2.21752262    
  0.333333343       2.21329379    
  0.336700350       2.21006107    
  0.340067327       2.20584321    
  0.343434334       2.20410013    
  0.346801341       2.19650865    
  0.350168347       2.19307399    
  0.353535354       2.18952847    
  0.356902361       2.18635941    
  0.360269368       2.17961669    
  0.363636374       2.17587733    
  0.367003381       2.17547607    
  0.370370358       2.16933870    
  0.373737365       2.16473126    
  0.377104372       2.17033958    
  0.380471379       2.16316533    
  0.383838385       2.15373588    
  0.387205392       2.15091991    
  0.390572399       2.14708328    
  0.393939406       2.14288330    
  0.397306383       2.14405465    
  0.400673389       2.13445663    
  0.404040396       2.13427448    
  0.407407403       2.12725997    
  0.410774410       2.12629104    
  0.414141417       2.12217021    
  0.417508423       2.11820006    
  0.420875430       2.11438179    
  0.424242437       2.11154842    
  0.427609414       2.10957479    
  0.430976421       2.10791779    
  0.434343427       2.10182643    
  0.437710434       2.09861994    
  0.441077441       2.09640813    
  0.444444448       2.09348965    
  0.447811455       2.08987951    
  0.451178461       2.08677697    
  0.454545468       2.08238554    
  0.457912445       2.08024526    
  0.461279452       2.07806015    
  0.464646459       2.07592058    
  0.468013465       2.07601047    
  0.471380472       2.06775618    
  0.474747479       2.06551647    
  0.478114486       2.06548285    
  0.481481493       2.06014776    
  0.484848499       2.05579615    
  0.488215476       2.05244064    
  0.491582483       2.05239058    
  0.494949490       2.05045438    
  0.498316497       2.04454422    
  0.501683474       2.04172444    
  0.505050480       2.04075742    
  0.508417487       2.03676343    
  0.511784494       2.03601933    
  0.515151501       2.03012490    
  0.518518507       2.02878714    
  0.521885514       2.02722573    
  0.525252521       2.02504182    
  0.528619528       2.02345133    
  0.531986535       2.02068591    
  0.535353541       2.01904893    
  0.538720548       2.01583815    
  0.542087555       2.01178646    
  0.545454562       2.00862980    
  0.548821568       2.00888753    
  0.552188575       2.00394416    
  0.555555582       2.00347543    
  0.558922529       2.00194359    
  0.562289536       1.99779725    
  0.565656543       1.99748349    
  0.569023550       1.99142683    
  0.572390556       1.99023104    
  0.575757563       1.98905993    
  0.579124570       1.98570693    
  0.582491577       1.98552918    
  0.585858583       1.98078287    
  0.589225590       1.97887945    
  0.592592597       1.97741961    
  0.595959604       1.97760642    
  0.599326611       1.97435832    
  0.602693617       1.97212005    
  0.606060624       1.96872306    
  0.609427631       1.97073781    
  0.612794638       1.96719456    
  0.616161644       1.96261179    
  0.619528592       1.96023309    
  0.622895598       1.95691907    
  0.626262605       1.95697832    
  0.629629612       1.95180392    
  0.632996619       1.95082510    
  0.636363626       1.94787276    
  0.639730632       1.94692624    
  0.643097639       1.94467175    
  0.646464646       1.94316387    
  0.649831653       1.94062185    
  0.653198659       1.93978167    
  0.656565666       1.93893933    
  0.659932673       1.93549728    
  0.663299680       1.93342674    
  0.666666687       1.93275559    
  0.670033693       1.93111110    
  0.673400700       1.93253982    
  0.676767647       1.92606735    
  0.680134654       1.92625773    
  0.683501661       1.92174566    
  0.686868668       1.92226851    
  0.690235674       1.92108011    
  0.693602681       1.91736853    
  0.696969688       1.91608274    
  0.700336695       1.91502786    
  0.703703701       1.91314018    
  0.707070708       1.91151404    
  0.710437715       1.90983748    
  0.713804722       1.90806592    
  0.717171729       1.90652847    
  0.720538735       1.90417850    
  0.723905742       1.90184510    
  0.727272749       1.89975405    
  0.730639756       1.89971924    
  0.734006763       1.89849758    
  0.737373710       1.89509594    
  0.740740716       1.89493454    
  0.744107723       1.89172018    
  0.747474730       1.89100468    
  0.750841737       1.88860321    
  0.754208744       1.89230919    
  0.757575750       1.88888574    
  0.760942757       1.88762081    
  0.764309764       1.88292253    
  0.767676771       1.88194597    
  0.771043777       1.87980926    
  0.774410784       1.87962162    
  0.777777791       1.87821722    
  0.781144798       1.87583148    
  0.784511805       1.87384975    
  0.787878811       1.87327838    
  0.791245818       1.87156177    
  0.794612765       1.87242663    
  0.797979772       1.86910760    
  0.801346779       1.86770606    
  0.804713786       1.86734366    
  0.808080792       1.86446989    
  0.811447799       1.86470330    
  0.814814806       1.86084843    
  0.818181813       1.86107075    
  0.821548820       1.86061859    
  0.824915826       1.85713279    
  0.828282833       1.85943592    
  0.831649840       1.85490870    
  0.835016847       1.85273862    
  0.838383853       1.85477781    
  0.841750860       1.85145473    
  0.845117867       1.85003221    
  0.848484874       1.84766805    
  0.851851881       1.84753120    
  0.855218828       1.84663415    
  0.858585835       1.84533465    
  0.861952841       1.84534502    
  0.865319848       1.84502244    
  0.868686855       1.84209025    
  0.872053862       1.84027374    
  0.875420868       1.83860850    
  0.878787875       1.83745837    
  0.882154882       1.83779025    
  0.885521889       1.83568943    
  0.888888896       1.83500600    
  0.892255902       1.83376002    
  0.895622909       1.83221757    
  0.898989916       1.83138037    
  0.902356923       1.83226085    
  0.905723929       1.82951117    
  0.909090936       1.82962370    
  0.912457883       1.82693064    
  0.915824890       1.82603884    
  0.919191897       1.82666981    
  0.922558904       1.82439411    
  0.925925910       1.82483840    
  0.929292917       1.82332861    
  0.932659924       1.82154202    
  0.936026931       1.82249427    
  0.939393938       1.81844366    
  0.942760944       1.81902313    
  0.946127951       1.81895077    
  0.949494958       1.81666160    
  0.952861965       1.81568491    
  0.956228971       1.81653666    
  0.959595978       1.81380665    
  0.962962985       1.81306231    
  0.966329992       1.81239080    
  0.969696999       1.81071556    
  0.973063946       1.81103313    
  0.976430953       1.80981898    
  0.979797959       1.80959308    
  0.983164966       1.80879664    
  0.986531973       1.80822277    
  0.989898980       1.80842018    
  0.993265986       1.80993938    
  0.996632993       1.80659688    
   1.00000000       1.80590701    
