   1.11482723E-03   2.56444621    
   2.22965446E-03   2.73737979    
   3.34448158E-03   2.89336276    
   4.45930893E-03   3.03334761    
   5.57413604E-03   3.16236162    
   6.68896316E-03   3.32282400    
   7.80379027E-03   3.37862778    
   8.91861785E-03   3.39139009    
   1.00334445E-02   3.41680288    
   1.11482721E-02   3.44250345    
   1.22630997E-02   3.49828672    
   1.33779263E-02   3.50211596    
   1.44927539E-02   3.49526262    
   1.56075805E-02   3.48093414    
   1.67224072E-02   3.46552658    
   1.78372357E-02   3.45326900    
   1.89520624E-02   3.45652795    
   2.00668890E-02   3.44898725    
   2.11817175E-02   3.42840910    
   2.22965442E-02   3.41255212    
   2.34113708E-02   3.39868975    
   2.45261993E-02   3.40277672    
   2.56410260E-02   3.38389087    
   2.67558526E-02   3.36335301    
   2.78706793E-02   3.34532237    
   2.89855078E-02   3.32773685    
   3.01003344E-02   3.31012487    
   3.12151611E-02   3.30178571    
   3.23299877E-02   3.28979206    
   3.34448144E-02   3.28118539    
   3.45596448E-02   3.25690842    
   3.56744714E-02   3.24830818    
   3.67892981E-02   3.24037051    
   3.79041247E-02   3.22143674    
   3.90189514E-02   3.22269583    
   4.01337780E-02   3.19575214    
   4.12486047E-02   3.18230629    
   4.23634350E-02   3.16625881    
   4.34782617E-02   3.15750098    
   4.45930883E-02   3.14041996    
   4.57079150E-02   3.13933468    
   4.68227416E-02   3.13012528    
   4.79375683E-02   3.13940907    
   4.90523987E-02   3.12513137    
   5.01672253E-02   3.09264708    
   5.12820520E-02   3.08713555    
   5.23968786E-02   3.07371855    
   5.35117052E-02   3.06545544    
   5.46265319E-02   3.05308914    
   5.57413585E-02   3.05552864    
   5.68561889E-02   3.03826356    
   5.79710156E-02   3.02521086    
   5.90858422E-02   3.03330278    
   6.02006689E-02   3.00844598    
   6.13154955E-02   3.01645780    
   6.24303222E-02   2.99725938    
   6.35451525E-02   2.98047256    
   6.46599755E-02   2.97790527    
   6.57748058E-02   2.96998262    
   6.68896288E-02   2.96311188    
   6.80044591E-02   2.96973729    
   6.91192895E-02   2.93872023    
   7.02341124E-02   2.93742847    
   7.13489428E-02   2.92852855    
   7.24637657E-02   2.92003012    
   7.35785961E-02   2.92155719    
   7.46934190E-02   2.90832877    
   7.58082494E-02   2.90277600    
   7.69230798E-02   2.90537238    
   7.80379027E-02   2.89274263    
   7.91527331E-02   2.87705874    
   8.02675560E-02   2.86968517    
   8.13823864E-02   2.87818360    
   8.24972093E-02   2.85805655    
   8.36120397E-02   2.85294199    
   8.47268701E-02   2.84725428    
   8.58416930E-02   2.84643197    
   8.69565234E-02   2.83993149    
   8.80713463E-02   2.83557796    
   8.91861767E-02   2.82053208    
   9.03010070E-02   2.81500387    
   9.14158300E-02   2.81389809    
   9.25306603E-02   2.80640435    
   9.36454833E-02   2.80413342    
   9.47603136E-02   2.79496646    
   9.58751366E-02   2.79856324    
   9.69899669E-02   2.79367232    
   9.81047973E-02   2.78856683    
   9.92196202E-02   2.77420068    
  0.100334451       2.76768470    
  0.101449274       2.76159930    
  0.102564104       2.76332974    
  0.103678927       2.75212526    
  0.104793757       2.74584985    
  0.105908588       2.74773741    
  0.107023410       2.73741341    
  0.108138241       2.74235988    
  0.109253064       2.74091101    
  0.110367894       2.73058081    
  0.111482717       2.72228074    
  0.112597547       2.70972252    
  0.113712378       2.71008492    
  0.114827201       2.70421600    
  0.115942031       2.69811130    
  0.117056854       2.69937372    
  0.118171684       2.69819880    
  0.119286507       2.68528605    
  0.120401338       2.67921352    
  0.121516168       2.67827845    
  0.122630991       2.68080068    
  0.123745821       2.67005682    
  0.124860644       2.66756129    
  0.125975475       2.66645074    
  0.127090305       2.65457225    
  0.128205135       2.65950513    
  0.129319951       2.64785337    
  0.130434781       2.64550996    
  0.131549612       2.64256072    
  0.132664442       2.64058781    
  0.133779258       2.63224959    
  0.134894088       2.63691926    
  0.136008918       2.63413692    
  0.137123749       2.62092805    
  0.138238579       2.61482668    
  0.139353395       2.61344337    
  0.140468225       2.60929632    
  0.141583055       2.60821533    
  0.142697886       2.60429645    
  0.143812716       2.60721231    
  0.144927531       2.59193087    
  0.146042362       2.59553862    
  0.147157192       2.59670782    
  0.148272023       2.58595777    
  0.149386838       2.57793975    
  0.150501668       2.57732129    
  0.151616499       2.57501006    
  0.152731329       2.57032442    
  0.153846160       2.57215810    
  0.154960975       2.56816459    
  0.156075805       2.56364107    
  0.157190636       2.55577731    
  0.158305466       2.55649090    
  0.159420297       2.55207944    
  0.160535112       2.54431558    
  0.161649942       2.54436564    
  0.162764773       2.55429769    
  0.163879603       2.53750300    
  0.164994419       2.53571272    
  0.166109249       2.53598142    
  0.167224079       2.53370237    
  0.168338910       2.52714872    
  0.169453740       2.52313352    
  0.170568556       2.51996017    
  0.171683386       2.51683855    
  0.172798216       2.51225376    
  0.173913047       2.51469398    
  0.175027877       2.51400852    
  0.176142693       2.50678945    
  0.177257523       2.50725651    
  0.178372353       2.50032806    
  0.179487184       2.49721599    
  0.180602014       2.49165606    
  0.181716830       2.48552847    
  0.182831660       2.49288607    
  0.183946490       2.48730969    
  0.185061321       2.48212481    
  0.186176136       2.48302960    
  0.187290967       2.48095417    
  0.188405797       2.47802258    
  0.189520627       2.47159362    
  0.190635458       2.46953321    
  0.191750273       2.47047353    
  0.192865103       2.46073985    
  0.193979934       2.46592832    
  0.195094764       2.46182442    
  0.196209595       2.46071029    
  0.197324410       2.45250320    
  0.198439240       2.44791436    
  0.199554071       2.44812179    
  0.200668901       2.44631815    
  0.201783717       2.44392300    
  0.202898547       2.43827748    
  0.204013377       2.44681311    
  0.205128208       2.43538165    
  0.206243038       2.43640780    
  0.207357854       2.42802358    
  0.208472684       2.42702770    
  0.209587514       2.42353010    
  0.210702345       2.42354083    
  0.211817175       2.42333341    
  0.212931991       2.42479110    
  0.214046821       2.42043471    
  0.215161651       2.41143560    
  0.216276482       2.41446304    
  0.217391297       2.40767097    
  0.218506128       2.41289186    
  0.219620958       2.40432525    
  0.220735788       2.40323186    
  0.221850619       2.40481520    
  0.222965434       2.39632702    
  0.224080265       2.39316726    
  0.225195095       2.38979316    
  0.226309925       2.39170265    
  0.227424756       2.38857961    
  0.228539571       2.38863277    
  0.229654402       2.38406634    
  0.230769232       2.38504100    
  0.231884062       2.37558937    
  0.232998878       2.38504410    
  0.234113708       2.37826777    
  0.235228539       2.37446952    
  0.236343369       2.37550950    
  0.237458199       2.36638594    
  0.238573015       2.36482167    
  0.239687845       2.36626744    
  0.240802675       2.35735154    
  0.241917506       2.35829878    
  0.243032336       2.35782599    
  0.244147152       2.36335683    
  0.245261982       2.35804725    
  0.246376812       2.35567164    
  0.247491643       2.34889388    
  0.248606473       2.34638381    
  0.249721289       2.34908795    
  0.250836134       2.34797382    
  0.251950949       2.34296918    
  0.253065765       2.33855104    
  0.254180610       2.33578992    
  0.255295426       2.33917856    
  0.256410271       2.33744907    
  0.257525086       2.32961345    
  0.258639902       2.32740617    
  0.259754747       2.32604361    
  0.260869563       2.32765865    
  0.261984378       2.32201838    
  0.263099223       2.32136607    
  0.264214039       2.31923079    
  0.265328884       2.32625628    
  0.266443700       2.31282663    
  0.267558515       2.31382990    
  0.268673360       2.31280637    
  0.269788176       2.31408882    
  0.270903021       2.30585718    
  0.272017837       2.30937958    
  0.273132652       2.30432296    
  0.274247497       2.30439925    
  0.275362313       2.30270290    
  0.276477158       2.29791903    
  0.277591974       2.29649329    
  0.278706789       2.29840302    
  0.279821634       2.32224488    
  0.280936450       2.29054594    
  0.282051295       2.29323816    
  0.283166111       2.29007840    
  0.284280926       2.28571200    
  0.285395771       2.28525257    
  0.286510587       2.28525138    
  0.287625432       2.28881216    
  0.288740247       2.28062892    
  0.289855063       2.27645063    
  0.290969908       2.27912498    
  0.292084724       2.27846265    
  0.293199539       2.27336073    
  0.294314384       2.27500367    
  0.295429200       2.27623796    
  0.296544045       2.27306604    
  0.297658861       2.26629305    
  0.298773676       2.26694536    
  0.299888521       2.27179885    
  0.301003337       2.26292276    
  0.302118182       2.26229453    
  0.303232998       2.25952339    
  0.304347813       2.25915289    
  0.305462658       2.25650120    
  0.306577474       2.25683236    
  0.307692319       2.25371861    
  0.308807135       2.25434852    
  0.309921950       2.25348115    
  0.311036795       2.24788594    
  0.312151611       2.24713397    
  0.313266456       2.24671650    
  0.314381272       2.24059725    
  0.315496087       2.24164867    
  0.316610932       2.23955798    
  0.317725748       2.23764992    
  0.318840593       2.23685861    
  0.319955409       2.23973083    
  0.321070224       2.23156381    
  0.322185069       2.23416996    
  0.323299885       2.22989631    
  0.324414730       2.23289299    
  0.325529546       2.23607659    
  0.326644361       2.22614455    
  0.327759206       2.23104787    
  0.328874022       2.22633696    
  0.329988837       2.22240543    
  0.331103683       2.22382760    
  0.332218498       2.22001600    
  0.333333343       2.22006774    
  0.334448159       2.22036910    
  0.335562974       2.22000098    
  0.336677819       2.21424365    
  0.337792635       2.21735883    
  0.338907480       2.21241903    
  0.340022296       2.21192431    
  0.341137111       2.20657873    
  0.342251956       2.20560074    
  0.343366772       2.20416427    
  0.344481617       2.20547009    
  0.345596433       2.20304227    
  0.346711248       2.20950651    
  0.347826093       2.20108700    
  0.348940909       2.20464826    
  0.350055754       2.19672275    
  0.351170570       2.19624424    
  0.352285385       2.19158959    
  0.353400230       2.19144630    
  0.354515046       2.19078493    
  0.355629891       2.19235778    
  0.356744707       2.18819666    
  0.357859522       2.18665862    
  0.358974367       2.18549395    
  0.360089183       2.18393421    
  0.361204028       2.18278337    
  0.362318844       2.18031096    
  0.363433659       2.17443514    
  0.364548504       2.17844629    
  0.365663320       2.17803621    
  0.366778135       2.17632365    
  0.367892981       2.17588568    
  0.369007796       2.17324281    
  0.370122641       2.17128468    
  0.371237457       2.17034268    
  0.372352272       2.16948605    
  0.373467118       2.16847801    
  0.374581933       2.16830516    
  0.375696778       2.16665268    
  0.376811594       2.16417933    
  0.377926409       2.16269255    
  0.379041255       2.16009116    
  0.380156070       2.16190314    
  0.381270915       2.15956450    
  0.382385731       2.15533781    
  0.383500546       2.15823150    
  0.384615391       2.15932059    
  0.385730207       2.15370917    
  0.386845052       2.15026736    
  0.387959868       2.15387416    
  0.389074683       2.15193033    
  0.390189528       2.15342999    
  0.391304344       2.14867163    
  0.392419189       2.14938974    
  0.393534005       2.14732456    
  0.394648820       2.14708591    
  0.395763665       2.13898921    
  0.396878481       2.14178038    
  0.397993296       2.13858891    
  0.399108142       2.14155960    
  0.400222957       2.13715291    
  0.401337802       2.13968492    
  0.402452618       2.16112995    
  0.403567433       2.13428283    
  0.404682279       2.13649368    
  0.405797094       2.13360524    
  0.406911939       2.13411355    
  0.408026755       2.13488603    
  0.409141570       2.13049245    
  0.410256416       2.12755990    
  0.411371231       2.12888718    
  0.412486076       2.12532997    
  0.413600892       2.12529254    
  0.414715707       2.12330103    
  0.415830553       2.12201643    
  0.416945368       2.11935139    
  0.418060213       2.11721087    
  0.419175029       2.11759496    
  0.420289844       2.11421084    
  0.421404690       2.11483145    
  0.422519505       2.12023211    
  0.423634350       2.11529541    
  0.424749166       2.11245322    
  0.425863981       2.11555719    
  0.426978827       2.11026120    
  0.428093642       2.11348915    
  0.429208487       2.11113143    
  0.430323303       2.10927868    
  0.431438118       2.11200333    
  0.432552963       2.10975337    
  0.433667779       2.10812092    
  0.434782594       2.10254025    
  0.435897440       2.10653591    
  0.437012255       2.10443711    
  0.438127100       2.10486102    
  0.439241916       2.10046673    
  0.440356731       2.09856749    
  0.441471577       2.09765124    
  0.442586392       2.09667993    
  0.443701237       2.09674144    
  0.444816053       2.09649205    
  0.445930868       2.09329510    
  0.447045714       2.09188700    
  0.448160529       2.08682323    
  0.449275374       2.08845806    
  0.450390190       2.09021759    
  0.451505005       2.08673191    
  0.452619851       2.08529091    
  0.453734666       2.09091878    
  0.454849511       2.08439183    
  0.455964327       2.08788466    
  0.457079142       2.08248901    
  0.458193988       2.07889152    
  0.459308803       2.07958293    
  0.460423648       2.08019066    
  0.461538464       2.08086634    
  0.462653279       2.07906723    
  0.463768125       2.07505012    
  0.464882940       2.07605290    
  0.465997756       2.07863355    
  0.467112601       2.07292938    
  0.468227416       2.07254601    
  0.469342262       2.07176661    
  0.470457077       2.07012987    
  0.471571892       2.06924820    
  0.472686738       2.07105088    
  0.473801553       2.06668663    
  0.474916399       2.06663251    
  0.476031214       2.06466365    
  0.477146029       2.07262111    
  0.478260875       2.06512165    
  0.479375690       2.06466007    
  0.480490535       2.06941652    
  0.481605351       2.05800343    
  0.482720166       2.05706000    
  0.483835012       2.05570054    
  0.484949827       2.05823970    
  0.486064672       2.05573463    
  0.487179488       2.05698442    
  0.488294303       2.06152415    
  0.489409149       2.06045413    
  0.490523964       2.05348182    
  0.491638809       2.05055952    
  0.492753625       2.05172920    
  0.493868440       2.05247045    
  0.494983286       2.04946351    
  0.496098101       2.04690671    
  0.497212946       2.04585266    
  0.498327762       2.04645991    
  0.499442577       2.04729462    
  0.500557423       2.04528308    
  0.501672268       2.04602098    
  0.502787054       2.04669476    
  0.503901899       2.04080820    
  0.505016744       2.04082561    
  0.506131530       2.03997493    
  0.507246375       2.04087925    
  0.508361220       2.03769803    
  0.509476006       2.04115820    
  0.510590851       2.03680992    
  0.511705697       2.03803754    
  0.512820542       2.03767824    
  0.513935328       2.03409815    
  0.515050173       2.03053379    
  0.516165018       2.03039002    
  0.517279804       2.03011942    
  0.518394649       2.03185630    
  0.519509494       2.02642894    
  0.520624280       2.02954435    
  0.521739125       2.03465295    
  0.522853971       2.02581692    
  0.523968756       2.02528691    
  0.525083601       2.02504778    
  0.526198447       2.02274466    
  0.527313292       2.02970672    
  0.528428078       2.02313995    
  0.529542923       2.02315617    
  0.530657768       2.02708340    
  0.531772554       2.02262163    
  0.532887399       2.01447678    
  0.534002244       2.02114224    
  0.535117030       2.01725650    
  0.536231875       2.01966834    
  0.537346721       2.01869273    
  0.538461566       2.01624298    
  0.539576352       2.01870155    
  0.540691197       2.01615477    
  0.541806042       2.00961614    
  0.542920828       2.01461196    
  0.544035673       2.01159930    
  0.545150518       2.00842190    
  0.546265304       2.01021981    
  0.547380149       2.00607777    
  0.548494995       2.00895119    
  0.549609840       2.00904846    
  0.550724626       2.00425076    
  0.551839471       2.00740266    
  0.552954316       2.00492716    
  0.554069102       2.00283790    
  0.555183947       2.00229263    
  0.556298792       2.00380421    
  0.557413578       2.00083351    
  0.558528423       2.00235319    
  0.559643269       2.01294565    
  0.560758054       1.99930441    
  0.561872900       2.00168467    
  0.562987745       1.99832249    
  0.564102590       1.99618804    
  0.565217376       1.99946690    
  0.566332221       1.99823523    
  0.567447066       1.99480796    
  0.568561852       1.99275744    
  0.569676697       1.99402702    
  0.570791543       1.99145293    
  0.571906328       1.99197805    
  0.573021173       1.99121535    
  0.574136019       1.99079764    
  0.575250864       1.99046099    
  0.576365650       1.98869717    
  0.577480495       1.98779309    
  0.578595340       1.99022162    
  0.579710126       1.98519146    
  0.580824971       1.98297620    
  0.581939816       1.98610353    
  0.583054602       1.98532653    
  0.584169447       1.98306155    
  0.585284293       1.98408747    
  0.586399078       1.98150718    
  0.587513924       1.98483491    
  0.588628769       1.97968006    
  0.589743614       1.97990441    
  0.590858400       1.98184741    
  0.591973245       1.97644615    
  0.593088090       1.97968173    
  0.594202876       1.97832310    
  0.595317721       1.97382176    
  0.596432567       1.97518492    
  0.597547352       1.97723663    
  0.598662198       1.97345233    
  0.599777043       1.97631490    
  0.600891888       1.97210550    
  0.602006674       1.97120297    
  0.603121519       1.96948063    
  0.604236364       1.97186852    
  0.605351150       1.97053516    
  0.606465995       1.96883142    
  0.607580841       1.96863186    
  0.608695626       1.96877778    
  0.609810472       1.96730626    
  0.610925317       1.96679568    
  0.612040162       1.97037768    
  0.613154948       1.96694708    
  0.614269793       1.96414793    
  0.615384638       1.96238601    
  0.616499424       1.96285212    
  0.617614269       1.96151364    
  0.618729115       1.96189857    
  0.619843900       1.96214914    
  0.620958745       1.96002936    
  0.622073591       1.95869076    
  0.623188376       1.95986867    
  0.624303222       1.95870769    
  0.625418067       1.95499349    
  0.626532912       1.95874166    
  0.627647698       1.95959377    
  0.628762543       1.95702147    
  0.629877388       1.95859361    
  0.630992174       1.95245922    
  0.632107019       1.95138836    
  0.633221865       1.95438385    
  0.634336650       1.95210254    
  0.635451496       1.94951630    
  0.636566341       1.95386016    
  0.637681186       1.94811702    
  0.638795972       1.95235121    
  0.639910817       1.95013142    
  0.641025662       1.94957864    
  0.642140448       1.94673324    
  0.643255293       1.94456041    
  0.644370139       1.94628310    
  0.645484924       1.94588542    
  0.646599770       1.94454861    
  0.647714615       1.94324124    
  0.648829460       1.94523418    
  0.649944246       1.94550145    
  0.651059091       1.94476724    
  0.652173936       1.94173551    
  0.653288722       1.93955064    
  0.654403567       1.94029844    
  0.655518413       1.94102848    
  0.656633198       1.94424140    
  0.657748044       1.93873191    
  0.658862889       1.93625605    
  0.659977674       1.93485677    
  0.661092520       1.93701863    
  0.662207365       1.93994164    
  0.663322210       1.93307316    
  0.664436996       1.93685257    
  0.665551841       1.93434620    
  0.666666687       1.93308377    
  0.667781472       1.93588400    
  0.668896317       1.93175995    
  0.670011163       1.93153560    
  0.671125948       1.93144953    
  0.672240794       1.92793679    
  0.673355639       1.93018532    
  0.674470484       1.92898965    
  0.675585270       1.92975557    
  0.676700115       1.92651129    
  0.677814960       1.92651987    
  0.678929746       1.92851543    
  0.680044591       1.92612910    
  0.681159437       1.92518139    
  0.682274222       1.92273784    
  0.683389068       1.92399025    
  0.684503913       1.92454851    
  0.685618758       1.92587197    
  0.686733544       1.92219889    
  0.687848389       1.92124546    
  0.688963234       1.92023098    
  0.690078020       1.92012858    
  0.691192865       1.91887712    
  0.692307711       1.91926527    
  0.693422496       1.92220902    
  0.694537342       1.91634130    
  0.695652187       1.91685140    
  0.696766973       1.91394722    
  0.697881818       1.91994214    
  0.698996663       1.91917014    
  0.700111508       1.91327381    
  0.701226294       1.91302657    
  0.702341139       1.91480494    
  0.703455985       1.91208243    
  0.704570770       1.91002297    
  0.705685616       1.91224504    
  0.706800461       1.90938640    
  0.707915246       1.90865052    
  0.709030092       1.90939498    
  0.710144937       1.91112506    
  0.711259782       1.91260004    
  0.712374568       1.90861392    
  0.713489413       1.90715599    
  0.714604259       1.90529454    
  0.715719044       1.90607917    
  0.716833889       1.90274143    
  0.717948735       1.90551186    
  0.719063520       1.90478480    
  0.720178366       1.90419793    
  0.721293211       1.90415990    
  0.722408056       1.89996898    
  0.723522842       1.90473437    
  0.724637687       1.90109587    
  0.725752532       1.90855408    
  0.726867318       1.89852548    
  0.727982163       1.90192437    
  0.729097009       1.90216887    
  0.730211794       1.89896262    
  0.731326640       1.89877498    
  0.732441485       1.90037858    
  0.733556271       1.89704955    
  0.734671116       1.90009916    
  0.735785961       1.89688528    
  0.736900806       1.89994562    
  0.738015592       1.89562058    
  0.739130437       1.89751434    
  0.740245283       1.89431822    
  0.741360068       1.89550269    
  0.742474914       1.89233315    
  0.743589759       1.89454699    
  0.744704545       1.89227641    
  0.745819390       1.89159846    
  0.746934235       1.88827658    
  0.748049080       1.89663339    
  0.749163866       1.89311635    
  0.750278711       1.89108789    
  0.751393557       1.89424288    
  0.752508342       1.89697349    
  0.753623188       1.88666606    
  0.754738033       1.88648462    
  0.755852818       1.88588619    
  0.756967664       1.88814604    
  0.758082509       1.88425922    
  0.759197295       1.88412571    
  0.760312140       1.88467157    
  0.761426985       1.88351715    
  0.762541831       1.88457561    
  0.763656616       1.88673747    
  0.764771461       1.88696241    
  0.765886307       1.88664472    
  0.767001092       1.88350284    
  0.768115938       1.88157427    
  0.769230783       1.88272405    
  0.770345569       1.87838197    
  0.771460414       1.88737881    
  0.772575259       1.87874329    
  0.773690104       1.87846220    
  0.774804890       1.88203967    
  0.775919735       1.87738097    
  0.777034581       1.87665129    
  0.778149366       1.87752271    
  0.779264212       1.87637639    
  0.780379057       1.87794828    
  0.781493843       1.87536323    
  0.782608688       1.87616634    
  0.783723533       1.87443745    
  0.784838378       1.87567174    
  0.785953164       1.87322068    
  0.787068009       1.87323880    
  0.788182855       1.87177587    
  0.789297640       1.87230468    
  0.790412486       1.87259161    
  0.791527331       1.86923540    
  0.792642117       1.87083924    
  0.793756962       1.87160933    
  0.794871807       1.87200046    
  0.795986593       1.86981475    
  0.797101438       1.87112844    
  0.798216283       1.86936319    
  0.799331129       1.86693513    
  0.800445914       1.86746526    
  0.801560760       1.86885679    
  0.802675605       1.86663282    
  0.803790390       1.86687863    
  0.804905236       1.87697399    
  0.806020081       1.86285913    
  0.807134867       1.86518764    
  0.808249712       1.86369526    
  0.809364557       1.86472142    
  0.810479403       1.86351657    
  0.811594188       1.86423290    
  0.812709033       1.86236203    
  0.813823879       1.86413896    
  0.814938664       1.86302674    
  0.816053510       1.86160445    
  0.817168355       1.86081827    
  0.818283141       1.86081314    
  0.819397986       1.85945368    
  0.820512831       1.86108780    
  0.821627676       1.85871303    
  0.822742462       1.85881686    
  0.823857307       1.85817945    
  0.824972153       1.85720336    
  0.826086938       1.85652828    
  0.827201784       1.85731792    
  0.828316629       1.85580122    
  0.829431415       1.85503840    
  0.830546260       1.85721898    
  0.831661105       1.85433638    
  0.832775891       1.85243773    
  0.833890736       1.85306120    
  0.835005581       1.85477912    
  0.836120427       1.85268450    
  0.837235212       1.85460758    
  0.838350058       1.85229719    
  0.839464903       1.85939312    
  0.840579689       1.85057437    
  0.841694534       1.85329247    
  0.842809379       1.84767663    
  0.843924165       1.85167754    
  0.845039010       1.85274732    
  0.846153855       1.84919369    
  0.847268701       1.84761024    
  0.848383486       1.84820247    
  0.849498332       1.84652698    
  0.850613177       1.84905708    
  0.851727962       1.85151541    
  0.852842808       1.84748065    
  0.853957653       1.84568560    
  0.855072439       1.84573579    
  0.856187284       1.84568858    
  0.857302129       1.84937406    
  0.858416975       1.84963477    
  0.859531760       1.84644675    
  0.860646605       1.84623837    
  0.861761451       1.85025752    
  0.862876236       1.84651244    
  0.863991082       1.84644198    
  0.865105927       1.84820926    
  0.866220713       1.84514630    
  0.867335558       1.84319866    
  0.868450403       1.84216022    
  0.869565189       1.84055507    
  0.870680034       1.84190488    
  0.871794879       1.84324801    
  0.872909725       1.84143102    
  0.874024510       1.83971930    
  0.875139356       1.84209192    
  0.876254201       1.84122694    
  0.877368987       1.83781898    
  0.878483832       1.83809733    
  0.879598677       1.83615673    
  0.880713463       1.83801258    
  0.881828308       1.83642471    
  0.882943153       1.83558035    
  0.884057999       1.84200931    
  0.885172784       1.83641958    
  0.886287630       1.83959556    
  0.887402475       1.83478248    
  0.888517261       1.83737409    
  0.889632106       1.83568525    
  0.890746951       1.83215094    
  0.891861737       1.83315039    
  0.892976582       1.83067191    
  0.894091427       1.83332849    
  0.895206273       1.83555782    
  0.896321058       1.83109200    
  0.897435904       1.83142829    
  0.898550749       1.82841051    
  0.899665534       1.83429193    
  0.900780380       1.83138096    
  0.901895225       1.83014202    
  0.903010011       1.82958758    
  0.904124856       1.83043444    
  0.905239701       1.83004951    
  0.906354487       1.83080065    
  0.907469332       1.83172774    
  0.908584177       1.82714856    
  0.909699023       1.82624173    
  0.910813808       1.82732260    
  0.911928654       1.82911813    
  0.913043499       1.82588267    
  0.914158285       1.82577443    
  0.915273130       1.82439888    
  0.916387975       1.82515860    
  0.917502761       1.82612526    
  0.918617606       1.82425714    
  0.919732451       1.82356465    
  0.920847297       1.82436156    
  0.921962082       1.82688296    
  0.923076928       1.82379115    
  0.924191773       1.82338572    
  0.925306559       1.82455933    
  0.926421404       1.82372868    
  0.927536249       1.82436061    
  0.928651035       1.82123709    
  0.929765880       1.82357323    
  0.930880725       1.82197428    
  0.931995511       1.82258952    
  0.933110356       1.82482314    
  0.934225202       1.82051051    
  0.935340047       1.81860304    
  0.936454833       1.81981730    
  0.937569678       1.82084906    
  0.938684523       1.81865299    
  0.939799309       1.81824470    
  0.940914154       1.81962657    
  0.942028999       1.81985676    
  0.943143785       1.81515586    
  0.944258630       1.81946409    
  0.945373476       1.81644833    
  0.946488321       1.81989241    
  0.947603106       1.81638348    
  0.948717952       1.81750131    
  0.949832797       1.81462336    
  0.950947583       1.81636012    
  0.952062428       1.81467497    
  0.953177273       1.81424296    
  0.954292059       1.81873131    
  0.955406904       1.81432259    
  0.956521749       1.81519079    
  0.957636595       1.81399453    
  0.958751380       1.81550205    
  0.959866226       1.81339121    
  0.960981071       1.81615579    
  0.962095857       1.80986547    
  0.963210702       1.81060743    
  0.964325547       1.80998349    
  0.965440333       1.81049621    
  0.966555178       1.81080794    
  0.967670023       1.81120169    
  0.968784809       1.81451929    
  0.969899654       1.80999219    
  0.971014500       1.81425405    
  0.972129345       1.80825841    
  0.973244131       1.80942750    
  0.974358976       1.80919862    
  0.975473821       1.81167793    
  0.976588607       1.81200063    
  0.977703452       1.81009591    
  0.978818297       1.81242895    
  0.979933083       1.80611444    
  0.981047928       1.80909503    
  0.982162774       1.80932832    
  0.983277619       1.81047487    
  0.984392405       1.80796957    
  0.985507250       1.80777466    
  0.986622095       1.80614829    
  0.987736881       1.80728900    
  0.988851726       1.80594826    
  0.989966571       1.80846226    
  0.991081357       1.80728316    
  0.992196202       1.80434132    
  0.993311048       1.80715287    
  0.994425893       1.80451190    
  0.995540679       1.80594504    
  0.996655524       1.80808556    
  0.997770369       1.80837631    
  0.998885155       1.80561090    
   1.00000000       1.80749154    
