   3.36700329E-03   16.0483952    
   6.73400657E-03   8.56526566    
   1.01010101E-02   6.04744005    
   1.34680131E-02   4.78714609    
   1.68350171E-02   4.03049374    
   2.02020202E-02   3.52762532    
   2.35690232E-02   3.16729212    
   2.69360263E-02   2.89914536    
   3.03030312E-02   2.69167781    
   3.36700343E-02   2.52860427    
   3.70370373E-02   2.39417982    
   4.04040404E-02   2.28502321    
   4.37710434E-02   2.18987560    
   4.71380465E-02   2.11306524    
   5.05050495E-02   2.04526782    
   5.38720526E-02   1.98685789    
   5.72390556E-02   1.93368959    
   6.06060624E-02   1.89216483    
   6.39730617E-02   1.85187376    
   6.73400685E-02   1.81801295    
   7.07070678E-02   1.78696835    
   7.40740746E-02   1.75957203    
   7.74410740E-02   1.73330402    
   8.08080807E-02   1.71312308    
   8.41750875E-02   1.69024444    
   8.75420868E-02   1.67411351    
   9.09090936E-02   1.65625083    
   9.42760929E-02   1.64175749    
   9.76430997E-02   1.62775886    
  0.101010099       1.61663747    
  0.104377106       1.60362327    
  0.107744105       1.59675932    
  0.111111112       1.58487582    
  0.114478111       1.57729709    
  0.117845118       1.56820107    
  0.121212125       1.56018972    
  0.124579124       1.55244279    
  0.127946123       1.54697573    
  0.131313130       1.54232693    
  0.134680137       1.53914714    
  0.138047144       1.52996135    
  0.141414136       1.52769256    
  0.144781142       1.52207720    
  0.148148149       1.51925993    
  0.151515156       1.51625741    
  0.154882148       1.51365113    
  0.158249155       1.50848901    
  0.161616161       1.50673354    
  0.164983168       1.50419343    
  0.168350175       1.50018275    
  0.171717167       1.49840391    
  0.175084174       1.49770868    
  0.178451180       1.49739778    
  0.181818187       1.49276125    
  0.185185179       1.49132442    
  0.188552186       1.49092531    
  0.191919193       1.49031198    
  0.195286199       1.48833430    
  0.198653191       1.49327874    
  0.202020198       1.48505247    
  0.205387205       1.48358619    
  0.208754212       1.48208904    
  0.212121218       1.48113775    
  0.215488210       1.48245847    
  0.218855217       1.47961295    
  0.222222224       1.48025596    
  0.225589231       1.47724915    
  0.228956223       1.47921455    
  0.232323229       1.47930765    
  0.235690236       1.47900164    
  0.239057243       1.47754824    
  0.242424250       1.47628224    
  0.245791242       1.47762752    
  0.249158248       1.47644567    
  0.252525240       1.47774172    
  0.255892247       1.47712803    
  0.259259254       1.47492266    
  0.262626261       1.47593343    
  0.265993267       1.47592163    
  0.269360274       1.47623682    
  0.272727281       1.47443616    
  0.276094288       1.47440732    
  0.279461265       1.47567415    
  0.282828271       1.47387421    
  0.286195278       1.47428477    
  0.289562285       1.47545111    
  0.292929292       1.47390199    
  0.296296299       1.47506869    
  0.299663305       1.47790051    
  0.303030312       1.47481275    
  0.306397319       1.47456908    
  0.309764296       1.47530067    
  0.313131303       1.47391152    
  0.316498309       1.47326565    
  0.319865316       1.47388244    
  0.323232323       1.47602773    
  0.326599330       1.47491825    
  0.329966336       1.47426808    
  0.333333343       1.47375023    
  0.336700350       1.47557187    
  0.340067327       1.47506452    
  0.343434334       1.47730005    
  0.346801341       1.47565901    
  0.350168347       1.47523630    
  0.353535354       1.47665751    
  0.356902361       1.47731984    
  0.360269368       1.47440183    
  0.363636374       1.47457659    
  0.367003381       1.47732008    
  0.370370358       1.47613859    
  0.373737365       1.47581971    
  0.377104372       1.48264897    
  0.380471379       1.48063147    
  0.383838385       1.47644269    
  0.387205392       1.47621429    
  0.390572399       1.47760510    
  0.393939406       1.47550011    
  0.397306383       1.48093855    
  0.400673389       1.47553027    
  0.404040396       1.47752666    
  0.407407403       1.47582936    
  0.410774410       1.47723341    
  0.414141417       1.47818840    
  0.417508423       1.47613573    
  0.420875430       1.47649765    
  0.424242437       1.47690845    
  0.427609414       1.47739899    
  0.430976421       1.47950172    
  0.434343427       1.47783732    
  0.437710434       1.47704899    
  0.441077441       1.47896671    
  0.444444448       1.47883260    
  0.447811455       1.47749221    
  0.451178461       1.47848797    
  0.454545468       1.47793150    
  0.457912445       1.47822964    
  0.461279452       1.47929120    
  0.464646459       1.47966611    
  0.468013465       1.48240709    
  0.471380472       1.47857010    
  0.474747479       1.47876573    
  0.478114486       1.48065627    
  0.481481493       1.47925127    
  0.484848499       1.47817504    
  0.488215476       1.47812474    
  0.491582483       1.48013651    
  0.494949490       1.48055160    
  0.498316497       1.47866130    
  0.501683474       1.47887957    
  0.505050480       1.47977269    
  0.508417487       1.47928429    
  0.511784494       1.48047185    
  0.515151501       1.47806334    
  0.518518507       1.47928226    
  0.521885514       1.48048556    
  0.525252521       1.48019445    
  0.528619528       1.48121119    
  0.531986535       1.48153329    
  0.535353541       1.48187757    
  0.538720548       1.48115742    
  0.542087555       1.48012674    
  0.545454562       1.48014402    
  0.548821568       1.48195052    
  0.552188575       1.48035955    
  0.555555582       1.48137200    
  0.558922529       1.48163772    
  0.562289536       1.48107064    
  0.565656543       1.48073459    
  0.569023550       1.47905314    
  0.572390556       1.48123574    
  0.575757563       1.48168623    
  0.579124570       1.48095262    
  0.582491577       1.48278368    
  0.585858583       1.48081005    
  0.589225590       1.48075414    
  0.592592597       1.48153985    
  0.595959604       1.48395479    
  0.599326611       1.48294067    
  0.602693617       1.48300028    
  0.606060624       1.48121667    
  0.609427631       1.48440862    
  0.612794638       1.48319662    
  0.616161644       1.48124242    
  0.619528592       1.48157597    
  0.622895598       1.48064733    
  0.626262605       1.48290634    
  0.629629612       1.48000026    
  0.632996619       1.47996676    
  0.636363626       1.48020554    
  0.639730632       1.48019838    
  0.643097639       1.47995126    
  0.646464646       1.48131168    
  0.649831653       1.48035324    
  0.653198659       1.48154902    
  0.656565666       1.48173296    
  0.659932673       1.48093235    
  0.663299680       1.48023593    
  0.666666687       1.48188531    
  0.670033693       1.48148263    
  0.673400700       1.48505402    
  0.676767647       1.48087633    
  0.680134654       1.48158360    
  0.683501661       1.48042500    
  0.686868668       1.48153961    
  0.690235674       1.48186767    
  0.693602681       1.48141003    
  0.696969688       1.48133290    
  0.700336695       1.48117173    
  0.703703701       1.48198617    
  0.707070708       1.48206866    
  0.710437715       1.48079550    
  0.713804722       1.48223233    
  0.717171729       1.48113906    
  0.720538735       1.48156917    
  0.723905742       1.48121142    
  0.727272749       1.48013198    
  0.730639756       1.48194313    
  0.734006763       1.48232365    
  0.737373710       1.48083258    
  0.740740716       1.48221660    
  0.744107723       1.47926962    
  0.747474730       1.48142397    
  0.750841737       1.48023462    
  0.754208744       1.48500454    
  0.757575750       1.48248601    
  0.760942757       1.48368812    
  0.764309764       1.48055947    
  0.767676771       1.48109066    
  0.771043777       1.48037350    
  0.774410784       1.48110318    
  0.777777791       1.48238182    
  0.781144798       1.48168337    
  0.784511805       1.48038673    
  0.787878811       1.48076022    
  0.791245818       1.48022389    
  0.794612765       1.48345137    
  0.797979772       1.48143089    
  0.801346779       1.48092711    
  0.804713786       1.48386884    
  0.808080792       1.48017406    
  0.811447799       1.48232043    
  0.814814806       1.47982371    
  0.818181813       1.48140490    
  0.821548820       1.48160362    
  0.824915826       1.48017251    
  0.828282833       1.48242331    
  0.831649840       1.48031843    
  0.835016847       1.47948205    
  0.838383853       1.48153198    
  0.841750860       1.48040414    
  0.845117867       1.48098505    
  0.848484874       1.47939038    
  0.851851881       1.48073804    
  0.855218828       1.48042071    
  0.858585835       1.48130977    
  0.861952841       1.48189807    
  0.865319848       1.48219705    
  0.868686855       1.48195577    
  0.872053862       1.48125529    
  0.875420868       1.48024166    
  0.878787875       1.48022735    
  0.882154882       1.48223674    
  0.885521889       1.48116815    
  0.888888896       1.48104596    
  0.892255902       1.48152792    
  0.895622909       1.48037040    
  0.898989916       1.48177707    
  0.902356923       1.48397255    
  0.905723929       1.48145878    
  0.909090936       1.48221684    
  0.912457883       1.48102736    
  0.915824890       1.48105705    
  0.919191897       1.48390961    
  0.922558904       1.48236132    
  0.925925910       1.48239541    
  0.929292917       1.48224723    
  0.932659924       1.48266971    
  0.936026931       1.48410189    
  0.939393938       1.48160112    
  0.942760944       1.48265398    
  0.946127951       1.48191142    
  0.949494958       1.48215806    
  0.952861965       1.48252940    
  0.956228971       1.48387504    
  0.959595978       1.48222613    
  0.962962985       1.48234975    
  0.966329992       1.48287559    
  0.969696999       1.48282611    
  0.973063946       1.48298013    
  0.976430953       1.48310935    
  0.979797959       1.48398268    
  0.983164966       1.48422825    
  0.986531973       1.48430490    
  0.989898980       1.48433304    
  0.993265986       1.48753679    
  0.996632993       1.48467052    
   1.00000000       1.48397255    
