   3.36700329E-03   6.15492296    
   6.73400657E-03   3.58407021    
   1.01010101E-02   2.73305440    
   1.34680131E-02   2.31286287    
   1.68350171E-02   2.06467485    
   2.02020202E-02   1.90605557    
   2.35690232E-02   1.78821504    
   2.69360263E-02   1.70649111    
   3.03030312E-02   1.64538658    
   3.36700343E-02   1.60012448    
   3.70370373E-02   1.56281137    
   4.04040404E-02   1.53626096    
   4.37710434E-02   1.50968170    
   4.71380465E-02   1.49390674    
   5.05050495E-02   1.47866631    
   5.38720526E-02   1.46645737    
   5.72390556E-02   1.45345128    
   6.06060624E-02   1.44957709    
   6.39730617E-02   1.44148481    
   6.73400685E-02   1.43712795    
   7.07070678E-02   1.43265676    
   7.40740746E-02   1.42953253    
   7.74410740E-02   1.42477131    
   8.08080807E-02   1.42524958    
   8.41750875E-02   1.42007470    
   8.75420868E-02   1.42131674    
   9.09090936E-02   1.41869771    
   9.42760929E-02   1.41854775    
   9.76430997E-02   1.41772401    
  0.101010099       1.41905439    
  0.104377106       1.41703308    
  0.107744105       1.42126274    
  0.111111112       1.41865861    
  0.114478111       1.42035770    
  0.117845118       1.41947532    
  0.121212125       1.41921520    
  0.124579124       1.41863370    
  0.127946123       1.42014432    
  0.131313130       1.42202401    
  0.134680137       1.42514908    
  0.138047144       1.42101538    
  0.141414136       1.42439091    
  0.144781142       1.42346716    
  0.148148149       1.42542911    
  0.151515156       1.42687130    
  0.154882148       1.42849541    
  0.158249155       1.42689347    
  0.161616161       1.42904723    
  0.164983168       1.42984784    
  0.168350175       1.42898321    
  0.171717167       1.43033612    
  0.175084174       1.43261588    
  0.178451180       1.43526649    
  0.181818187       1.43301737    
  0.185185179       1.43405509    
  0.188552186       1.43619323    
  0.191919193       1.43767178    
  0.195286199       1.43781149    
  0.198653191       1.44541311    
  0.202020198       1.43843412    
  0.205387205       1.43876660    
  0.208754212       1.43889606    
  0.212121218       1.43954659    
  0.215488210       1.44257963    
  0.218855217       1.44107127    
  0.222222224       1.44328606    
  0.225589231       1.44140697    
  0.228956223       1.44482708    
  0.232323229       1.44614947    
  0.235690236       1.44707167    
  0.239057243       1.44664574    
  0.242424250       1.44649994    
  0.245791242       1.44889069    
  0.249158248       1.44855201    
  0.252525240       1.45090806    
  0.255892247       1.45125735    
  0.259259254       1.44973230    
  0.262626261       1.45165300    
  0.265993267       1.45249069    
  0.269360274       1.45356572    
  0.272727281       1.45231211    
  0.276094288       1.45300877    
  0.279461265       1.45496118    
  0.282828271       1.45384943    
  0.286195278       1.45482504    
  0.289562285       1.45659745    
  0.292929292       1.45561421    
  0.296296299       1.45733845    
  0.299663305       1.46070623    
  0.303030312       1.45815456    
  0.306397319       1.45846474    
  0.309764296       1.45966721    
  0.313131303       1.45855880    
  0.316498309       1.45833123    
  0.319865316       1.45939934    
  0.323232323       1.46204436    
  0.326599330       1.46134055    
  0.329966336       1.46097374    
  0.333333343       1.46084940    
  0.336700350       1.46300578    
  0.340067327       1.46288085    
  0.343434334       1.46544313    
  0.346801341       1.46400809    
  0.350168347       1.46393406    
  0.353535354       1.46562493    
  0.356902361       1.46662879    
  0.360269368       1.46393847    
  0.363636374       1.46441412    
  0.367003381       1.46748722    
  0.370370358       1.46645904    
  0.373737365       1.46634519    
  0.377104372       1.47378480    
  0.380471379       1.47177446    
  0.383838385       1.46763146    
  0.387205392       1.46763802    
  0.390572399       1.46918893    
  0.393939406       1.46732771    
  0.397306383       1.47311568    
  0.400673389       1.46769297    
  0.404040396       1.46997011    
  0.407407403       1.46832991    
  0.410774410       1.47001052    
  0.414141417       1.47103703    
  0.417508423       1.46919596    
  0.420875430       1.46968877    
  0.424242437       1.47026646    
  0.427609414       1.47091269    
  0.430976421       1.47316504    
  0.434343427       1.47158873    
  0.437710434       1.47093868    
  0.441077441       1.47301674    
  0.444444448       1.47301769    
  0.447811455       1.47179449    
  0.451178461       1.47287405    
  0.454545468       1.47242582    
  0.457912445       1.47283602    
  0.461279452       1.47405374    
  0.464646459       1.47452831    
  0.468013465       1.47743607    
  0.471380472       1.47362256    
  0.474747479       1.47391403    
  0.478114486       1.47592556    
  0.481481493       1.47458434    
  0.484848499       1.47359538    
  0.488215476       1.47360468    
  0.491582483       1.47576129    
  0.494949490       1.47622633    
  0.498316497       1.47438657    
  0.501683474       1.47467911    
  0.505050480       1.47568214    
  0.508417487       1.47527814    
  0.511784494       1.47656810    
  0.515151501       1.47416151    
  0.518518507       1.47547662    
  0.521885514       1.47676158    
  0.525252521       1.47654843    
  0.528619528       1.47763002    
  0.531986535       1.47804081    
  0.535353541       1.47846138    
  0.538720548       1.47779822    
  0.542087555       1.47679257    
  0.545454562       1.47681403    
  0.548821568       1.47878420    
  0.552188575       1.47716439    
  0.555555582       1.47826064    
  0.558922529       1.47859836    
  0.562289536       1.47805953    
  0.565656543       1.47785413    
  0.569023550       1.47613835    
  0.572390556       1.47834754    
  0.575757563       1.47883332    
  0.579124570       1.47816527    
  0.582491577       1.48007393    
  0.585858583       1.47810590    
  0.589225590       1.47809577    
  0.592592597       1.47894037    
  0.595959604       1.48143756    
  0.599326611       1.48040664    
  0.602693617       1.48052025    
  0.606060624       1.47880304    
  0.609427631       1.48209667    
  0.612794638       1.48090911    
  0.616161644       1.47891164    
  0.619528592       1.47929585    
  0.622895598       1.47834194    
  0.626262605       1.48067141    
  0.629629612       1.47776294    
  0.632996619       1.47777712    
  0.636363626       1.47802305    
  0.639730632       1.47808135    
  0.643097639       1.47786593    
  0.646464646       1.47924149    
  0.649831653       1.47832930    
  0.653198659       1.47954547    
  0.656565666       1.47981000    
  0.659932673       1.47897208    
  0.663299680       1.47834086    
  0.666666687       1.48002148    
  0.670033693       1.47963738    
  0.673400700       1.48329890    
  0.676767647       1.47905624    
  0.680134654       1.47982359    
  0.683501661       1.47863770    
  0.686868668       1.47982848    
  0.690235674       1.48015332    
  0.693602681       1.47970474    
  0.696969688       1.47966170    
  0.700336695       1.47954059    
  0.703703701       1.48035645    
  0.707070708       1.48045671    
  0.710437715       1.47921658    
  0.713804722       1.48066878    
  0.717171729       1.47958791    
  0.720538735       1.48003626    
  0.723905742       1.47968340    
  0.727272749       1.47862899    
  0.730639756       1.48046672    
  0.734006763       1.48085320    
  0.737373710       1.47937286    
  0.740740716       1.48077834    
  0.744107723       1.47788274    
  0.747474730       1.48000741    
  0.750841737       1.47882915    
  0.754208744       1.48365688    
  0.757575750       1.48115528    
  0.760942757       1.48236632    
  0.764309764       1.47922266    
  0.767676771       1.47977734    
  0.771043777       1.47907889    
  0.774410784       1.47981799    
  0.777777791       1.48108637    
  0.781144798       1.48039341    
  0.784511805       1.47913694    
  0.787878811       1.47952318    
  0.791245818       1.47900033    
  0.794612765       1.48225796    
  0.797979772       1.48021150    
  0.801346779       1.47973180    
  0.804713786       1.48264945    
  0.808080792       1.47900105    
  0.811447799       1.48113084    
  0.814814806       1.47863913    
  0.818181813       1.48023748    
  0.821548820       1.48047161    
  0.824915826       1.47901320    
  0.828282833       1.48134184    
  0.831649840       1.47918308    
  0.835016847       1.47834396    
  0.838383853       1.48047185    
  0.841750860       1.47927439    
  0.845117867       1.47985756    
  0.848484874       1.47825623    
  0.851851881       1.47961509    
  0.855218828       1.47930276    
  0.858585835       1.48018992    
  0.861952841       1.48080432    
  0.865319848       1.48109877    
  0.868686855       1.48083735    
  0.872053862       1.48010921    
  0.875420868       1.47911823    
  0.878787875       1.47909141    
  0.882154882       1.48109734    
  0.885521889       1.48002779    
  0.888888896       1.47991061    
  0.892255902       1.48036933    
  0.895622909       1.47921240    
  0.898989916       1.48057687    
  0.902356923       1.48279238    
  0.905723929       1.48027158    
  0.909090936       1.48104548    
  0.912457883       1.47980487    
  0.915824890       1.47982538    
  0.919191897       1.48265612    
  0.922558904       1.48107922    
  0.925925910       1.48110282    
  0.929292917       1.48093164    
  0.932659924       1.48132265    
  0.936026931       1.48275101    
  0.939393938       1.48018634    
  0.942760944       1.48124468    
  0.946127951       1.48047566    
  0.949494958       1.48068583    
  0.952861965       1.48100448    
  0.956228971       1.48234963    
  0.959595978       1.48064196    
  0.962962985       1.48073912    
  0.966329992       1.48123777    
  0.969696999       1.48113811    
  0.973063946       1.48128879    
  0.976430953       1.48138309    
  0.979797959       1.48222232    
  0.983164966       1.48245299    
  0.986531973       1.48251069    
  0.989898980       1.48253345    
  0.993265986       1.48574305    
  0.996632993       1.48286867    
   1.00000000       1.48218787    
