   3.36700329E-03   12.2848434    
   6.73400657E-03   6.66873503    
   1.01010101E-02   4.78314161    
   1.34680131E-02   3.84017730    
   1.68350171E-02   3.27575779    
   2.02020202E-02   2.90281034    
   2.35690232E-02   2.63352871    
   2.69360263E-02   2.43512797    
   3.03030312E-02   2.28264284    
   3.36700343E-02   2.16304541    
   3.70370373E-02   2.06464934    
   4.04040404E-02   1.98605347    
   4.37710434E-02   1.91642427    
   4.71380465E-02   1.86220360    
   5.05050495E-02   1.81389999    
   5.38720526E-02   1.77267969    
   5.72390556E-02   1.73452878    
   6.06060624E-02   1.70714176    
   6.39730617E-02   1.67894208    
   6.73400685E-02   1.65622890    
   7.07070678E-02   1.63529480    
   7.40740746E-02   1.61718881    
   7.74410740E-02   1.59924781    
   8.08080807E-02   1.58705378    
   8.41750875E-02   1.57115018    
   8.75420868E-02   1.56184494    
   9.09090936E-02   1.55004573    
   9.42760929E-02   1.54127741    
   9.76430997E-02   1.53261006    
  0.101010099       1.52652133    
  0.104377106       1.51804602    
  0.107744105       1.51572156    
  0.111111112       1.50771737    
  0.114478111       1.50397861    
  0.117845118       1.49839175    
  0.121212125       1.49365115    
  0.124579124       1.48901343    
  0.127946123       1.48652935    
  0.131313130       1.48468924    
  0.134680137       1.48422182    
  0.138047144       1.47731197    
  0.141414136       1.47747838    
  0.144781142       1.47400713    
  0.148148149       1.47331643    
  0.151515156       1.47230661    
  0.154882148       1.47158515    
  0.158249155       1.46809804    
  0.161616161       1.46806419    
  0.164983168       1.46710610    
  0.168350175       1.46453881    
  0.171717167       1.46420622    
  0.175084174       1.46490908    
  0.178451180       1.46595788    
  0.181818187       1.46245325    
  0.185185179       1.46219003    
  0.188552186       1.46295309    
  0.191919193       1.46339655    
  0.195286199       1.46241677    
  0.198653191       1.46854162    
  0.202020198       1.46100008    
  0.205387205       1.46039736    
  0.208754212       1.45971298    
  0.212121218       1.45955622    
  0.215488210       1.46169472    
  0.218855217       1.45951760    
  0.222222224       1.46090794    
  0.225589231       1.45849788    
  0.228956223       1.46117663    
  0.232323229       1.46187758    
  0.235690236       1.46217203    
  0.239057243       1.46124434    
  0.242424250       1.46052659    
  0.245791242       1.46240425    
  0.249158248       1.46168172    
  0.252525240       1.46349561    
  0.255892247       1.46335256    
  0.259259254       1.46152234    
  0.262626261       1.46297491    
  0.265993267       1.46338975    
  0.269360274       1.46408856    
  0.272727281       1.46261203    
  0.276094288       1.46295035    
  0.279461265       1.46457529    
  0.282828271       1.46310866    
  0.286195278       1.46382785    
  0.289562285       1.46530962    
  0.292929292       1.46405077    
  0.296296299       1.46550572    
  0.299663305       1.46863365    
  0.303030312       1.46580219    
  0.306397319       1.46583104    
  0.309764296       1.46681225    
  0.313131303       1.46560860    
  0.316498309       1.46517909    
  0.319865316       1.46603143    
  0.323232323       1.46842897    
  0.326599330       1.46753299    
  0.329966336       1.46704447    
  0.333333343       1.46671987    
  0.336700350       1.46873224    
  0.340067327       1.46841168    
  0.343434334       1.47083700    
  0.346801341       1.46932340    
  0.350168347       1.46906888    
  0.353535354       1.47065151    
  0.356902361       1.47148502    
  0.360269368       1.46868896    
  0.363636374       1.46901941    
  0.367003381       1.47193837    
  0.370370358       1.47084963    
  0.373737365       1.47065222    
  0.377104372       1.47777641    
  0.380471379       1.47577238    
  0.383838385       1.47163260    
  0.387205392       1.47152340    
  0.390572399       1.47301590    
  0.393939406       1.47102201    
  0.397306383       1.47663713    
  0.400673389       1.47124720    
  0.404040396       1.47337556    
  0.407407403       1.47173345    
  0.410774410       1.47326934    
  0.414141417       1.47428119    
  0.417508423       1.47232819    
  0.420875430       1.47276509    
  0.424242437       1.47327316    
  0.427609414       1.47384357    
  0.430976421       1.47602320    
  0.434343427       1.47441852    
  0.437710434       1.47369814    
  0.441077441       1.47570348    
  0.444444448       1.47564447    
  0.447811455       1.47436249    
  0.451178461       1.47541595    
  0.454545468       1.47491860    
  0.457912445       1.47528160    
  0.461279452       1.47641850    
  0.464646459       1.47684932    
  0.468013465       1.47967327    
  0.471380472       1.47585976    
  0.474747479       1.47610593    
  0.478114486       1.47805774    
  0.481481493       1.47669446    
  0.484848499       1.47567129    
  0.488215476       1.47565424    
  0.491582483       1.47773552    
  0.494949490       1.47818804    
  0.498316497       1.47632837    
  0.501683474       1.47658730    
  0.505050480       1.47753656    
  0.508417487       1.47708881    
  0.511784494       1.47833300    
  0.515151501       1.47593272    
  0.518518507       1.47720766    
  0.521885514       1.47845149    
  0.525252521       1.47819948    
  0.528619528       1.47925639    
  0.531986535       1.47962344    
  0.535353541       1.48000157    
  0.538720548       1.47931230    
  0.542087555       1.47830153    
  0.545454562       1.47833407    
  0.548821568       1.48021805    
  0.552188575       1.47861814    
  0.555555582       1.47967291    
  0.558922529       1.47996807    
  0.562289536       1.47942734    
  0.565656543       1.47913909    
  0.569023550       1.47745824    
  0.572390556       1.47966683    
  0.575757563       1.48013628    
  0.579124570       1.47943020    
  0.582491577       1.48130643    
  0.585858583       1.47933984    
  0.589225590       1.47930336    
  0.592592597       1.48012221    
  0.595959604       1.48258066    
  0.599326611       1.48156071    
  0.602693617       1.48164439    
  0.606060624       1.47989500    
  0.609427631       1.48313093    
  0.612794638       1.48193693    
  0.616161644       1.47997355    
  0.619528592       1.48033464    
  0.622895598       1.47939861    
  0.626262605       1.48169100    
  0.629629612       1.47878635    
  0.632996619       1.47877502    
  0.636363626       1.47902787    
  0.639730632       1.47904634    
  0.643097639       1.47881603    
  0.646464646       1.48019147    
  0.649831653       1.47925329    
  0.653198659       1.48046672    
  0.656565666       1.48067605    
  0.659932673       1.47986937    
  0.663299680       1.47920048    
  0.666666687       1.48086989    
  0.670033693       1.48047245    
  0.673400700       1.48409069    
  0.676767647       1.47988594    
  0.680134654       1.48061979    
  0.683501661       1.47945809    
  0.686868668       1.48060191    
  0.690235674       1.48093271    
  0.693602681       1.48048544    
  0.696969688       1.48042500    
  0.700336695       1.48027837    
  0.703703701       1.48109555    
  0.707070708       1.48119307    
  0.710437715       1.47993052    
  0.713804722       1.48138380    
  0.717171729       1.48029327    
  0.720538735       1.48073399    
  0.723905742       1.48038173    
  0.727272749       1.47931647    
  0.730639756       1.48114145    
  0.734006763       1.48152471    
  0.737373710       1.48003852    
  0.740740716       1.48143339    
  0.744107723       1.47850478    
  0.747474730       1.48065364    
  0.750841737       1.47946835    
  0.754208744       1.48426974    
  0.757575750       1.48174810    
  0.760942757       1.48296475    
  0.764309764       1.47982800    
  0.767676771       1.48037052    
  0.771043777       1.47966027    
  0.774410784       1.48039675    
  0.777777791       1.48167527    
  0.781144798       1.48097837    
  0.784511805       1.47969782    
  0.787878811       1.48007560    
  0.791245818       1.47954524    
  0.794612765       1.48278773    
  0.797979772       1.48076189    
  0.801346779       1.48026741    
  0.804713786       1.48319697    
  0.808080792       1.47952032    
  0.811447799       1.48166239    
  0.814814806       1.47916996    
  0.818181813       1.48075652    
  0.821548820       1.48096979    
  0.824915826       1.47952378    
  0.828282833       1.48180032    
  0.831649840       1.47968185    
  0.835016847       1.47884595    
  0.838383853       1.48092246    
  0.841750860       1.47977149    
  0.845117867       1.48035204    
  0.848484874       1.47875774    
  0.851851881       1.48010564    
  0.855218828       1.47979188    
  0.858585835       1.48067892    
  0.861952841       1.48127365    
  0.865319848       1.48157430    
  0.868686855       1.48132157    
  0.872053862       1.48060775    
  0.875420868       1.47960258    
  0.878787875       1.47958469    
  0.882154882       1.48159277    
  0.885521889       1.48052263    
  0.888888896       1.48039973    
  0.892255902       1.48087049    
  0.895622909       1.47971272    
  0.898989916       1.48109937    
  0.902356923       1.48330474    
  0.905723929       1.48078334    
  0.909090936       1.48154914    
  0.912457883       1.48033631    
  0.915824890       1.48035991    
  0.919191897       1.48320103    
  0.922558904       1.48164284    
  0.925925910       1.48167431    
  0.929292917       1.48151433    
  0.932659924       1.48192096    
  0.936026931       1.48335457    
  0.939393938       1.48082674    
  0.942760944       1.48187876    
  0.946127951       1.48112965    
  0.949494958       1.48136413    
  0.952861965       1.48171413    
  0.956228971       1.48306191    
  0.959595978       1.48139107    
  0.962962985       1.48150980    
  0.966329992       1.48202598    
  0.969696999       1.48196089    
  0.973063946       1.48211753    
  0.976430953       1.48223841    
  0.979797959       1.48310530    
  0.983164966       1.48334861    
  0.986531973       1.48342049    
  0.989898980       1.48344696    
  0.993265986       1.48665738    
  0.996632993       1.48379016    
   1.00000000       1.48310030    
