   3.36700329E-03   1.91027558    
   6.73400657E-03   1.49199235    
   1.01010101E-02   1.39265156    
   1.34680131E-02   1.35633516    
   1.68350171E-02   1.34074330    
   2.02020202E-02   1.33931482    
   2.35690232E-02   1.32840359    
   2.69360263E-02   1.32921267    
   3.03030312E-02   1.33126974    
   3.36700343E-02   1.33644927    
   3.70370373E-02   1.33852899    
   4.04040404E-02   1.34481823    
   4.37710434E-02   1.34352291    
   4.71380465E-02   1.35041976    
   5.05050495E-02   1.35331786    
   5.38720526E-02   1.35641289    
   5.72390556E-02   1.35572171    
   6.06060624E-02   1.36378729    
   6.39730617E-02   1.36479139    
   6.73400685E-02   1.36894596    
   7.07070678E-02   1.37159729    
   7.40740746E-02   1.37463593    
   7.74410740E-02   1.37516153    
   8.08080807E-02   1.38070977    
   8.41750875E-02   1.37925291    
   8.75420868E-02   1.38443434    
   9.09090936E-02   1.38491023    
   9.42760929E-02   1.38788390    
   9.76430997E-02   1.38944590    
  0.101010099       1.39326680    
  0.104377106       1.39305139    
  0.107744105       1.39948654    
  0.111111112       1.39842582    
  0.114478111       1.40165174    
  0.117845118       1.40200019    
  0.121212125       1.40310383    
  0.124579124       1.40341163    
  0.127946123       1.40604794    
  0.131313130       1.40907156    
  0.134680137       1.41322136    
  0.138047144       1.40950596    
  0.141414136       1.41376781    
  0.144781142       1.41332102    
  0.148148149       1.41591454    
  0.151515156       1.41790187    
  0.154882148       1.42018068    
  0.158249155       1.41890025    
  0.161616161       1.42162740    
  0.164983168       1.42270136    
  0.168350175       1.42230248    
  0.171717167       1.42403638    
  0.175084174       1.42665517    
  0.178451180       1.42959845    
  0.181818187       1.42757082    
  0.185185179       1.42887843    
  0.188552186       1.43136990    
  0.191919193       1.43296516    
  0.195286199       1.43332469    
  0.198653191       1.44134414    
  0.202020198       1.43437278    
  0.205387205       1.43491495    
  0.208754212       1.43517005    
  0.212121218       1.43591595    
  0.215488210       1.43921840    
  0.218855217       1.43785381    
  0.222222224       1.44020402    
  0.225589231       1.43837655    
  0.228956223       1.44189072    
  0.232323229       1.44334602    
  0.235690236       1.44441438    
  0.239057243       1.44415057    
  0.242424250       1.44403946    
  0.245791242       1.44653642    
  0.249158248       1.44621050    
  0.252525240       1.44870424    
  0.255892247       1.44914496    
  0.259259254       1.44762599    
  0.262626261       1.44971704    
  0.265993267       1.45058513    
  0.269360274       1.45181966    
  0.272727281       1.45047641    
  0.276094288       1.45125353    
  0.279461265       1.45325959    
  0.282828271       1.45221424    
  0.286195278       1.45322549    
  0.289562285       1.45506525    
  0.292929292       1.45412230    
  0.296296299       1.45593345    
  0.299663305       1.45928454    
  0.303030312       1.45682883    
  0.306397319       1.45722532    
  0.309764296       1.45841217    
  0.313131303       1.45731390    
  0.316498309       1.45712185    
  0.319865316       1.45825839    
  0.323232323       1.46091843    
  0.326599330       1.46022308    
  0.329966336       1.45988905    
  0.333333343       1.45982707    
  0.336700350       1.46199572    
  0.340067327       1.46191621    
  0.343434334       1.46450412    
  0.346801341       1.46303976    
  0.350168347       1.46304429    
  0.353535354       1.46470881    
  0.356902361       1.46575785    
  0.360269368       1.46308553    
  0.363636374       1.46357739    
  0.367003381       1.46668911    
  0.370370358       1.46565557    
  0.373737365       1.46554649    
  0.377104372       1.47304165    
  0.380471379       1.47106516    
  0.383838385       1.46689773    
  0.387205392       1.46693206    
  0.390572399       1.46848059    
  0.393939406       1.46669161    
  0.397306383       1.47247708    
  0.400673389       1.46703827    
  0.404040396       1.46937156    
  0.407407403       1.46769238    
  0.410774410       1.46941388    
  0.414141417       1.47043383    
  0.417508423       1.46862733    
  0.420875430       1.46911871    
  0.424242437       1.46969938    
  0.427609414       1.47037983    
  0.430976421       1.47266936    
  0.434343427       1.47106481    
  0.437710434       1.47044635    
  0.441077441       1.47250831    
  0.444444448       1.47252655    
  0.447811455       1.47133386    
  0.451178461       1.47240639    
  0.454545468       1.47195625    
  0.457912445       1.47238433    
  0.461279452       1.47360909    
  0.464646459       1.47409832    
  0.468013465       1.47703373    
  0.471380472       1.47319055    
  0.474747479       1.47351015    
  0.478114486       1.47556221    
  0.481481493       1.47419477    
  0.484848499       1.47319674    
  0.488215476       1.47321630    
  0.491582483       1.47539961    
  0.494949490       1.47586167    
  0.498316497       1.47401512    
  0.501683474       1.47431719    
  0.505050480       1.47534037    
  0.508417487       1.47493374    
  0.511784494       1.47623360    
  0.515151501       1.47382689    
  0.518518507       1.47513354    
  0.521885514       1.47643960    
  0.525252521       1.47624195    
  0.528619528       1.47733223    
  0.531986535       1.47772634    
  0.535353541       1.47818315    
  0.538720548       1.47752261    
  0.542087555       1.47651076    
  0.545454562       1.47651482    
  0.548821568       1.47850323    
  0.552188575       1.47687960    
  0.555555582       1.47800088    
  0.558922529       1.47836792    
  0.562289536       1.47779548    
  0.565656543       1.47765362    
  0.569023550       1.47589302    
  0.572390556       1.47808516    
  0.575757563       1.47858310    
  0.579124570       1.47792721    
  0.582491577       1.47983015    
  0.585858583       1.47786236    
  0.589225590       1.47786582    
  0.592592597       1.47871590    
  0.595959604       1.48120654    
  0.599326611       1.48018742    
  0.602693617       1.48031867    
  0.606060624       1.47858834    
  0.609427631       1.48191559    
  0.612794638       1.48071420    
  0.616161644       1.47869492    
  0.619528592       1.47908616    
  0.622895598       1.47813094    
  0.626262605       1.48047376    
  0.629629612       1.47755635    
  0.632996619       1.47759068    
  0.636363626       1.47781873    
  0.639730632       1.47790277    
  0.643097639       1.47768331    
  0.646464646       1.47904861    
  0.649831653       1.47813809    
  0.653198659       1.47935867    
  0.656565666       1.47964692    
  0.659932673       1.47879744    
  0.663299680       1.47817636    
  0.666666687       1.47984612    
  0.670033693       1.47948098    
  0.673400700       1.48314762    
  0.676767647       1.47888863    
  0.680134654       1.47966623    
  0.683501661       1.47847307    
  0.686868668       1.47968137    
  0.690235674       1.47999632    
  0.693602681       1.47954619    
  0.696969688       1.47951031    
  0.700336695       1.47939372    
  0.703703701       1.48021948    
  0.707070708       1.48031092    
  0.710437715       1.47908902    
  0.713804722       1.48052013    
  0.717171729       1.47946572    
  0.720538735       1.47989368    
  0.723905742       1.47953808    
  0.727272749       1.47848463    
  0.730639756       1.48032653    
  0.734006763       1.48072553    
  0.737373710       1.47923601    
  0.740740716       1.48064399    
  0.744107723       1.47776258    
  0.747474730       1.47987700    
  0.750841737       1.47870553    
  0.754208744       1.48353207    
  0.757575750       1.48105657    
  0.760942757       1.48224902    
  0.764309764       1.47909999    
  0.767676771       1.47965920    
  0.771043777       1.47896278    
  0.774410784       1.47971070    
  0.777777791       1.48096728    
  0.781144798       1.48027480    
  0.784511805       1.47902429    
  0.787878811       1.47942078    
  0.791245818       1.47889853    
  0.794612765       1.48215199    
  0.797979772       1.48009813    
  0.801346779       1.47962368    
  0.804713786       1.48254025    
  0.808080792       1.47890198    
  0.811447799       1.48104084    
  0.814814806       1.47853208    
  0.818181813       1.48013544    
  0.821548820       1.48037779    
  0.824915826       1.47891998    
  0.828282833       1.48127043    
  0.831649840       1.47908926    
  0.835016847       1.47824717    
  0.838383853       1.48039341    
  0.841750860       1.47918117    
  0.845117867       1.47976494    
  0.848484874       1.47816038    
  0.851851881       1.47953022    
  0.855218828       1.47921836    
  0.858585835       1.48009765    
  0.861952841       1.48072994    
  0.865319848       1.48102880    
  0.868686855       1.48074961    
  0.872053862       1.48002207    
  0.875420868       1.47903442    
  0.878787875       1.47900379    
  0.882154882       1.48100770    
  0.885521889       1.47993720    
  0.888888896       1.47983396    
  0.892255902       1.48028755    
  0.895622909       1.47913384    
  0.898989916       1.48049152    
  0.902356923       1.48271132    
  0.905723929       1.48019874    
  0.909090936       1.48096561    
  0.912457883       1.47972345    
  0.915824890       1.47974694    
  0.919191897       1.48257291    
  0.922558904       1.48099494    
  0.925925910       1.48102212    
  0.929292917       1.48084891    
  0.932659924       1.48123872    
  0.936026931       1.48266256    
  0.939393938       1.48009682    
  0.942760944       1.48115265    
  0.946127951       1.48038793    
  0.949494958       1.48058653    
  0.952861965       1.48090148    
  0.956228971       1.48224783    
  0.959595978       1.48053229    
  0.962962985       1.48061073    
  0.966329992       1.48110402    
  0.969696999       1.48098266    
  0.973063946       1.48113465    
  0.976430953       1.48120022    
  0.979797959       1.48202169    
  0.983164966       1.48223531    
  0.986531973       1.48227334    
  0.989898980       1.48229349    
  0.993265986       1.48548865    
  0.996632993       1.48260438    
   1.00000000       1.48192692    
