   3.36700329E-03   1.97949660    
   6.73400657E-03   2.06355143    
   1.01010101E-02   2.14445949    
   1.34680131E-02   2.21976686    
   1.68350171E-02   2.28814650    
   2.02020202E-02   2.35179877    
   2.35690232E-02   2.40427041    
   2.69360263E-02   2.45245647    
   3.03030312E-02   2.49430203    
   3.36700343E-02   2.53112459    
   3.70370373E-02   2.56002378    
   4.04040404E-02   2.58786726    
   4.37710434E-02   2.60505223    
   4.71380465E-02   2.62544632    
   5.05050495E-02   2.63721919    
   5.38720526E-02   2.64726424    
   5.72390556E-02   2.64997864    
   6.06060624E-02   2.65939283    
   6.39730617E-02   2.65949202    
   6.73400685E-02   2.66255188    
   7.07070678E-02   2.66117311    
   7.40740746E-02   2.65973783    
   7.74410740E-02   2.65498161    
   8.08080807E-02   2.65410709    
   8.41750875E-02   2.64534879    
   8.75420868E-02   2.64385796    
   9.09090936E-02   2.63386273    
   9.42760929E-02   2.62872744    
   9.76430997E-02   2.62078285    
  0.101010099       2.61555481    
  0.104377106       2.60517144    
  0.107744105       2.60344672    
  0.111111112       2.59192252    
  0.114478111       2.58534980    
  0.117845118       2.57519650    
  0.121212125       2.56692982    
  0.124579124       2.55654097    
  0.127946123       2.54987192    
  0.131313130       2.54499054    
  0.134680137       2.54008698    
  0.138047144       2.52449393    
  0.141414136       2.51947355    
  0.144781142       2.50885034    
  0.148148149       2.50218821    
  0.151515156       2.49499941    
  0.154882148       2.48873067    
  0.158249155       2.47773910    
  0.161616161       2.47235036    
  0.164983168       2.46374631    
  0.168350175       2.45544457    
  0.171717167       2.44871879    
  0.175084174       2.44294310    
  0.178451180       2.43737745    
  0.181818187       2.42668247    
  0.185185179       2.41997218    
  0.188552186       2.41529870    
  0.191919193       2.40807676    
  0.195286199       2.40077949    
  0.198653191       2.40185380    
  0.202020198       2.38695598    
  0.205387205       2.38028455    
  0.208754212       2.37281060    
  0.212121218       2.36571813    
  0.215488210       2.36280894    
  0.218855217       2.35459447    
  0.222222224       2.34985614    
  0.225589231       2.34044075    
  0.228956223       2.33742452    
  0.232323229       2.33192086    
  0.235690236       2.32690144    
  0.239057243       2.32101989    
  0.242424250       2.31382275    
  0.245791242       2.31012964    
  0.249158248       2.30282211    
  0.252525240       2.30012631    
  0.255892247       2.29453659    
  0.259259254       2.28600812    
  0.262626261       2.28320813    
  0.265993267       2.27804422    
  0.269360274       2.27449822    
  0.272727281       2.26559496    
  0.276094288       2.26116467    
  0.279461265       2.25773048    
  0.282828271       2.25152183    
  0.286195278       2.24673891    
  0.289562285       2.24317098    
  0.292929292       2.23721290    
  0.296296299       2.23422956    
  0.299663305       2.23135638    
  0.303030312       2.22501111    
  0.306397319       2.22122240    
  0.309764296       2.21672130    
  0.313131303       2.21023488    
  0.316498309       2.20500565    
  0.319865316       2.20218253    
  0.323232323       2.19958425    
  0.326599330       2.19448018    
  0.329966336       2.18923235    
  0.333333343       2.18504071    
  0.336700350       2.18215322    
  0.340067327       2.17805314    
  0.343434334       2.17627740    
  0.346801341       2.16938591    
  0.350168347       2.16585708    
  0.353535354       2.16264558    
  0.356902361       2.15972781    
  0.360269368       2.15317369    
  0.363636374       2.14969563    
  0.367003381       2.14919472    
  0.370370358       2.14318514    
  0.373737365       2.13896179    
  0.377104372       2.14458084    
  0.380471379       2.13746285    
  0.383838385       2.12855625    
  0.387205392       2.12552500    
  0.390572399       2.12208724    
  0.393939406       2.11784434    
  0.397306383       2.11938024    
  0.400673389       2.11016011    
  0.404040396       2.10957003    
  0.407407403       2.10326242    
  0.410774410       2.10233545    
  0.414141417       2.09862447    
  0.417508423       2.09439301    
  0.420875430       2.09100270    
  0.424242437       2.08838797    
  0.427609414       2.08597374    
  0.430976421       2.08462238    
  0.434343427       2.07913542    
  0.437710434       2.07560015    
  0.441077441       2.07399440    
  0.444444448       2.07117867    
  0.447811455       2.06725359    
  0.451178461       2.06458521    
  0.454545468       2.06069064    
  0.457912445       2.05830288    
  0.461279452       2.05650258    
  0.464646459       2.05373764    
  0.468013465       2.05447006    
  0.471380472       2.04676890    
  0.474747479       2.04428554    
  0.478114486       2.04397845    
  0.481481493       2.03898740    
  0.484848499       2.03523111    
  0.488215476       2.03208137    
  0.491582483       2.03186321    
  0.494949490       2.02965069    
  0.498316497       2.02434969    
  0.501683474       2.02176189    
  0.505050480       2.02058625    
  0.508417487       2.01713777    
  0.511784494       2.01617050    
  0.515151501       2.01064563    
  0.518518507       2.00928426    
  0.521885514       2.00801325    
  0.525252521       2.00549889    
  0.528619528       2.00418043    
  0.531986535       2.00161624    
  0.535353541       2.00004649    
  0.538720548       1.99681079    
  0.542087555       1.99317753    
  0.545454562       1.99001598    
  0.548821568       1.99055684    
  0.552188575       1.98566723    
  0.555555582       1.98504686    
  0.558922529       1.98336506    
  0.562289536       1.97988546    
  0.565656543       1.97912061    
  0.569023550       1.97371578    
  0.572390556       1.97271359    
  0.575757563       1.97084188    
  0.579124570       1.96825385    
  0.582491577       1.96796310    
  0.585858583       1.96366048    
  0.589225590       1.96158838    
  0.592592597       1.96033776    
  0.595959604       1.96069705    
  0.599326611       1.95694673    
  0.602693617       1.95521247    
  0.606060624       1.95196199    
  0.609427631       1.95388675    
  0.612794638       1.95052874    
  0.616161644       1.94549036    
  0.619528592       1.94397247    
  0.622895598       1.94050503    
  0.626262605       1.94082904    
  0.629629612       1.93582439    
  0.632996619       1.93443322    
  0.636363626       1.93214035    
  0.639730632       1.93091154    
  0.643097639       1.92892301    
  0.646464646       1.92758274    
  0.649831653       1.92507565    
  0.653198659       1.92434323    
  0.656565666       1.92344701    
  0.659932673       1.91996169    
  0.663299680       1.91816056    
  0.666666687       1.91755986    
  0.670033693       1.91553462    
  0.673400700       1.91741395    
  0.676767647       1.91110575    
  0.680134654       1.91069555    
  0.683501661       1.90701997    
  0.686868668       1.90729392    
  0.690235674       1.90511203    
  0.693602681       1.90284848    
  0.696969688       1.90146971    
  0.700336695       1.89979863    
  0.703703701       1.89864421    
  0.707070708       1.89708817    
  0.710437715       1.89494157    
  0.713804722       1.89398777    
  0.717171729       1.89195466    
  0.720538735       1.88994598    
  0.723905742       1.88797796    
  0.727272749       1.88588154    
  0.730639756       1.88578796    
  0.734006763       1.88463843    
  0.737373710       1.88140285    
  0.740740716       1.88114059    
  0.744107723       1.87808144    
  0.747474730       1.87745810    
  0.750841737       1.87501395    
  0.754208744       1.87858021    
  0.757575750       1.87509513    
  0.760942757       1.87419820    
  0.764309764       1.86957479    
  0.767676771       1.86877060    
  0.771043777       1.86666632    
  0.774410784       1.86625016    
  0.777777791       1.86492610    
  0.781144798       1.86289001    
  0.784511805       1.86095440    
  0.787878811       1.86022115    
  0.791245818       1.85857165    
  0.794612765       1.85968339    
  0.797979772       1.85639656    
  0.801346779       1.85493982    
  0.804713786       1.85478806    
  0.808080792       1.85184658    
  0.811447799       1.85178351    
  0.814814806       1.84823465    
  0.818181813       1.84853649    
  0.821548820       1.84819305    
  0.824915826       1.84470558    
  0.828282833       1.84670115    
  0.831649840       1.84273052    
  0.835016847       1.84059286    
  0.838383853       1.84249842    
  0.841750860       1.83903921    
  0.845117867       1.83803749    
  0.848484874       1.83573294    
  0.851851881       1.83547604    
  0.855218828       1.83439887    
  0.858585835       1.83360398    
  0.861952841       1.83343351    
  0.865319848       1.83284783    
  0.868686855       1.83027983    
  0.872053862       1.82858479    
  0.875420868       1.82695544    
  0.878787875       1.82588470    
  0.882154882       1.82613146    
  0.885521889       1.82428336    
  0.888888896       1.82351494    
  0.892255902       1.82236016    
  0.895622909       1.82072437    
  0.898989916       1.81972730    
  0.902356923       1.82100749    
  0.905723929       1.81817174    
  0.909090936       1.81844103    
  0.912457883       1.81566370    
  0.915824890       1.81488168    
  0.919191897       1.81567454    
  0.922558904       1.81336117    
  0.925925910       1.81354249    
  0.929292917       1.81195939    
  0.932659924       1.81066394    
  0.936026931       1.81166399    
  0.939393938       1.80750847    
  0.942760944       1.80814075    
  0.946127951       1.80687439    
  0.949494958       1.80595088    
  0.952861965       1.80489576    
  0.956228971       1.80565166    
  0.959595978       1.80292451    
  0.962962985       1.80235803    
  0.966329992       1.80184174    
  0.969696999       1.80026877    
  0.973063946       1.80041349    
  0.976430953       1.79934907    
  0.979797959       1.79925549    
  0.983164966       1.79849780    
  0.986531973       1.79788101    
  0.989898980       1.79775739    
  0.993265986       1.79950213    
  0.996632993       1.79613638    
   1.00000000       1.79550910    
