   3.36700329E-03   2.75228453    
   6.73400657E-03   3.06867194    
   1.01010101E-02   3.25772023    
   1.34680131E-02   3.33787537    
   1.68350171E-02   3.35536981    
   2.02020202E-02   3.35268331    
   2.35690232E-02   3.31163430    
   2.69360263E-02   3.27901387    
   3.03030312E-02   3.24407148    
   3.36700343E-02   3.21196127    
   3.70370373E-02   3.17382002    
   4.04040404E-02   3.14680243    
   4.37710434E-02   3.10669851    
   4.71380465E-02   3.08455801    
   5.05050495E-02   3.05313134    
   5.38720526E-02   3.02609968    
   5.72390556E-02   2.99223685    
   6.06060624E-02   2.97569561    
   6.39730617E-02   2.94775248    
   6.73400685E-02   2.92898607    
   7.07070678E-02   2.90609336    
   7.40740746E-02   2.88632512    
   7.74410740E-02   2.86434793    
   8.08080807E-02   2.84978676    
   8.41750875E-02   2.82612205    
   8.75420868E-02   2.81444120    
   9.09090936E-02   2.79134774    
   9.42760929E-02   2.77705765    
   9.76430997E-02   2.75973463    
  0.101010099       2.74704695    
  0.104377106       2.72840738    
  0.107744105       2.72207308    
  0.111111112       2.70337129    
  0.114478111       2.69119406    
  0.117845118       2.67546391    
  0.121212125       2.66283250    
  0.124579124       2.64737892    
  0.127946123       2.63728738    
  0.131313130       2.63021731    
  0.134680137       2.62268662    
  0.138047144       2.60192633    
  0.141414136       2.59441972    
  0.144781142       2.58053088    
  0.148148149       2.57153034    
  0.151515156       2.56209016    
  0.154882148       2.55409527    
  0.158249155       2.54062843    
  0.161616161       2.53376532    
  0.164983168       2.52294135    
  0.168350175       2.51346779    
  0.171717167       2.50525713    
  0.175084174       2.49826932    
  0.178451180       2.49105787    
  0.181818187       2.47858357    
  0.185185179       2.47070360    
  0.188552186       2.46532106    
  0.191919193       2.45666909    
  0.195286199       2.44822502    
  0.198653191       2.44923568    
  0.202020198       2.43251586    
  0.205387205       2.42504478    
  0.208754212       2.41653371    
  0.212121218       2.40823030    
  0.215488210       2.40514946    
  0.218855217       2.39633489    
  0.222222224       2.39058709    
  0.225589231       2.38009906    
  0.228956223       2.37641740    
  0.232323229       2.37023020    
  0.235690236       2.36480403    
  0.239057243       2.35908365    
  0.242424250       2.35049129    
  0.245791242       2.34647560    
  0.249158248       2.33828688    
  0.252525240       2.33555365    
  0.255892247       2.32927465    
  0.259259254       2.31978917    
  0.262626261       2.31709027    
  0.265993267       2.31117463    
  0.269360274       2.30786633    
  0.272727281       2.29755330    
  0.276094288       2.29290128    
  0.279461265       2.28921318    
  0.282828271       2.28241515    
  0.286195278       2.27720475    
  0.289562285       2.27332377    
  0.292929292       2.26695561    
  0.296296299       2.26399994    
  0.299663305       2.26039171    
  0.303030312       2.25395632    
  0.306397319       2.25018215    
  0.309764296       2.24490356    
  0.313131303       2.23814535    
  0.316498309       2.23249006    
  0.319865316       2.22987175    
  0.323232323       2.22650456    
  0.326599330       2.22104836    
  0.329966336       2.21557093    
  0.333333343       2.21123743    
  0.336700350       2.20795035    
  0.340067327       2.20366096    
  0.343434334       2.20182872    
  0.346801341       2.19421482    
  0.350168347       2.19075227    
  0.353535354       2.18713593    
  0.356902361       2.18398356    
  0.360269368       2.17719126    
  0.363636374       2.17342710    
  0.367003381       2.17299128    
  0.370370358       2.16642952    
  0.373737365       2.16196203    
  0.377104372       2.16764879    
  0.380471379       2.16047597    
  0.383838385       2.15104604    
  0.387205392       2.14815259    
  0.390572399       2.14412260    
  0.393939406       2.14004278    
  0.397306383       2.14126563    
  0.400673389       2.13168025    
  0.404040396       2.13117123    
  0.407407403       2.12432504    
  0.410774410       2.12343311    
  0.414141417       2.11936474    
  0.417508423       2.11514282    
  0.420875430       2.11146188    
  0.424242437       2.10869026    
  0.427609414       2.10637569    
  0.430976421       2.10497427    
  0.434343427       2.09895921    
  0.437710434       2.09539795    
  0.441077441       2.09345818    
  0.444444448       2.09062600    
  0.447811455       2.08673429    
  0.451178461       2.08384085    
  0.454545468       2.07955956    
  0.457912445       2.07720494    
  0.461279452       2.07518244    
  0.464646459       2.07229471    
  0.468013465       2.07309818    
  0.471380472       2.06494021    
  0.474747479       2.06252432    
  0.478114486       2.06257367    
  0.481481493       2.05693746    
  0.484848499       2.05293155    
  0.488215476       2.04967809    
  0.491582483       2.04951620    
  0.494949490       2.04754043    
  0.498316497       2.04161906    
  0.501683474       2.03895569    
  0.505050480       2.03780794    
  0.508417487       2.03401947    
  0.511784494       2.03303552    
  0.515151501       2.02736688    
  0.518518507       2.02576685    
  0.521885514       2.02450180    
  0.525252521       2.02200651    
  0.528619528       2.02073407    
  0.531986535       2.01769137    
  0.535353541       2.01636100    
  0.538720548       2.01291251    
  0.542087555       2.00913191    
  0.545454562       2.00575304    
  0.548821568       2.00626469    
  0.552188575       2.00117230    
  0.555555582       2.00085139    
  0.558922529       1.99922872    
  0.562289536       1.99524212    
  0.565656543       1.99484038    
  0.569023550       1.98891127    
  0.572390556       1.98764551    
  0.575757563       1.98586226    
  0.579124570       1.98317277    
  0.582491577       1.98279750    
  0.585858583       1.97829294    
  0.589225590       1.97628450    
  0.592592597       1.97496903    
  0.595959604       1.97509634    
  0.599326611       1.97142446    
  0.602693617       1.96967137    
  0.606060624       1.96616387    
  0.609427631       1.96834540    
  0.612794638       1.96473289    
  0.616161644       1.95942390    
  0.619528592       1.95783556    
  0.622895598       1.95437980    
  0.626262605       1.95463276    
  0.629629612       1.94940329    
  0.632996619       1.94816411    
  0.636363626       1.94554126    
  0.639730632       1.94450617    
  0.643097639       1.94239306    
  0.646464646       1.94083095    
  0.649831653       1.93819034    
  0.653198659       1.93750918    
  0.656565666       1.93663514    
  0.659932673       1.93301642    
  0.663299680       1.93119299    
  0.666666687       1.93044746    
  0.670033693       1.92854178    
  0.673400700       1.93032408    
  0.676767647       1.92378414    
  0.680134654       1.92342603    
  0.683501661       1.91955602    
  0.686868668       1.91999805    
  0.690235674       1.91754043    
  0.693602681       1.91520047    
  0.696969688       1.91385257    
  0.700336695       1.91208661    
  0.703703701       1.91101408    
  0.707070708       1.90931892    
  0.710437715       1.90730786    
  0.713804722       1.90596461    
  0.717171729       1.90434551    
  0.720538735       1.90184987    
  0.723905742       1.89977431    
  0.727272749       1.89764178    
  0.730639756       1.89749563    
  0.734006763       1.89646876    
  0.737373710       1.89302623    
  0.740740716       1.89277613    
  0.744107723       1.88973033    
  0.747474730       1.88897204    
  0.750841737       1.88652527    
  0.754208744       1.89000463    
  0.757575750       1.88686311    
  0.760942757       1.88559818    
  0.764309764       1.88080513    
  0.767676771       1.88000226    
  0.771043777       1.87783611    
  0.774410784       1.87758660    
  0.777777791       1.87596977    
  0.781144798       1.87389684    
  0.784511805       1.87189460    
  0.787878811       1.87124431    
  0.791245818       1.86964953    
  0.794612765       1.87052441    
  0.797979772       1.86715341    
  0.801346779       1.86566043    
  0.804713786       1.86547756    
  0.808080792       1.86257398    
  0.811447799       1.86274898    
  0.814814806       1.85876083    
  0.818181813       1.85919094    
  0.821548820       1.85875762    
  0.824915826       1.85521412    
  0.828282833       1.85732985    
  0.831649840       1.85310042    
  0.835016847       1.85089397    
  0.838383853       1.85290229    
  0.841750860       1.84934127    
  0.845117867       1.84824133    
  0.848484874       1.84585559    
  0.851851881       1.84567833    
  0.855218828       1.84459698    
  0.858585835       1.84358513    
  0.861952841       1.84357226    
  0.865319848       1.84318495    
  0.868686855       1.84016347    
  0.872053862       1.83854115    
  0.875420868       1.83685100    
  0.878787875       1.83567870    
  0.882154882       1.83592618    
  0.885521889       1.83398521    
  0.888888896       1.83330226    
  0.892255902       1.83202279    
  0.895622909       1.83042061    
  0.898989916       1.82931769    
  0.902356923       1.83059192    
  0.905723929       1.82780969    
  0.909090936       1.82790148    
  0.912457883       1.82511699    
  0.915824890       1.82439435    
  0.919191897       1.82502186    
  0.922558904       1.82271266    
  0.925925910       1.82308555    
  0.929292917       1.82139790    
  0.932659924       1.81992984    
  0.936026931       1.82086015    
  0.939393938       1.81676543    
  0.942760944       1.81730509    
  0.946127951       1.81612146    
  0.949494958       1.81506503    
  0.952861965       1.81406868    
  0.956228971       1.81488609    
  0.959595978       1.81209755    
  0.962962985       1.81147671    
  0.966329992       1.81082845    
  0.969696999       1.80912364    
  0.973063946       1.80941415    
  0.976430953       1.80814183    
  0.979797959       1.80806327    
  0.983164966       1.80725420    
  0.986531973       1.80664659    
  0.989898980       1.80681121    
  0.993265986       1.80824304    
  0.996632993       1.80480504    
   1.00000000       1.80406761    
