   3.36700329E-03   1.60031927    
   6.73400657E-03   1.62159216    
   1.01010101E-02   1.64271438    
   1.34680131E-02   1.66353345    
   1.68350171E-02   1.68395269    
   2.02020202E-02   1.70420611    
   2.35690232E-02   1.72364199    
   2.69360263E-02   1.74290097    
   3.03030312E-02   1.76173842    
   3.36700343E-02   1.78025186    
   3.70370373E-02   1.79800272    
   4.04040404E-02   1.81582975    
   4.37710434E-02   1.83233821    
   4.71380465E-02   1.84940875    
   5.05050495E-02   1.86516523    
   5.38720526E-02   1.88068259    
   5.72390556E-02   1.89479458    
   6.06060624E-02   1.91001558    
   6.39730617E-02   1.92333877    
   6.73400685E-02   1.93717039    
   7.07070678E-02   1.94975424    
   7.40740746E-02   1.96213746    
   7.74410740E-02   1.97353184    
   8.08080807E-02   1.98546517    
   8.41750875E-02   1.99519920    
   8.75420868E-02   2.00653100    
   9.09090936E-02   2.01486087    
   9.42760929E-02   2.02446294    
   9.76430997E-02   2.03277254    
  0.101010099       2.04157281    
  0.104377106       2.04834580    
  0.107744105       2.05768490    
  0.111111112       2.06328869    
  0.114478111       2.07012343    
  0.117845118       2.07535577    
  0.121212125       2.08099747    
  0.124579124       2.08526850    
  0.127946123       2.09073043    
  0.131313130       2.09676766    
  0.134680137       2.10227871    
  0.138047144       2.10281682    
  0.141414136       2.10752535    
  0.144781142       2.10954952    
  0.148148149       2.11298370    
  0.151515156       2.11591601    
  0.154882148       2.11902118    
  0.158249155       2.11960411    
  0.161616161       2.12253118    
  0.164983168       2.12357926    
  0.168350175       2.12470317    
  0.171717167       2.12618995    
  0.175084174       2.12796783    
  0.178451180       2.12950182    
  0.181818187       2.12823129    
  0.185185179       2.12883830    
  0.188552186       2.13032126    
  0.191919193       2.13023448    
  0.195286199       2.12987542    
  0.198653191       2.13400769    
  0.202020198       2.12904477    
  0.205387205       2.12849665    
  0.208754212       2.12731433    
  0.212121218       2.12613368    
  0.215488210       2.12733340    
  0.218855217       2.12526703    
  0.222222224       2.12497067    
  0.225589231       2.12183094    
  0.228956223       2.12241268    
  0.232323229       2.12136030    
  0.235690236       2.12048984    
  0.239057243       2.11909485    
  0.242424250       2.11643767    
  0.245791242       2.11616111    
  0.249158248       2.11343932    
  0.252525240       2.11355948    
  0.255892247       2.11158013    
  0.259259254       2.10771322    
  0.262626261       2.10749340    
  0.265993267       2.10556102    
  0.269360274       2.10475683    
  0.272727281       2.10025358    
  0.276094288       2.09862828    
  0.279461265       2.09770751    
  0.282828271       2.09455848    
  0.286195278       2.09257388    
  0.289562285       2.09134364    
  0.292929292       2.08824301    
  0.296296299       2.08733082    
  0.299663305       2.08651447    
  0.303030312       2.08282495    
  0.306397319       2.08101702    
  0.309764296       2.07876921    
  0.313131303       2.07518768    
  0.316498309       2.07226920    
  0.319865316       2.07108140    
  0.323232323       2.06994820    
  0.326599330       2.06691384    
  0.329966336       2.06391573    
  0.333333343       2.06146336    
  0.336700350       2.06016231    
  0.340067327       2.05768323    
  0.343434334       2.05715394    
  0.346801341       2.05271149    
  0.350168347       2.05055165    
  0.353535354       2.04887700    
  0.356902361       2.04714751    
  0.360269368       2.04260898    
  0.363636374       2.04043007    
  0.367003381       2.04058886    
  0.370370358       2.03658175    
  0.373737365       2.03385186    
  0.377104372       2.03823423    
  0.380471379       2.03358197    
  0.383838385       2.02719831    
  0.387205392       2.02519989    
  0.390572399       2.02309799    
  0.393939406       2.01988673    
  0.397306383       2.02145195    
  0.400673389       2.01470065    
  0.404040396       2.01447463    
  0.407407403       2.01000929    
  0.410774410       2.00943279    
  0.414141417       2.00710607    
  0.417508423       2.00376368    
  0.420875430       2.00144958    
  0.424242437       1.99961293    
  0.427609414       1.99797022    
  0.430976421       1.99727952    
  0.434343427       1.99316454    
  0.437710434       1.99049044    
  0.441077441       1.98952127    
  0.444444448       1.98743260    
  0.447811455       1.98439348    
  0.451178461       1.98262429    
  0.454545468       1.97966266    
  0.457912445       1.97795200    
  0.461279452       1.97662032    
  0.464646459       1.97462046    
  0.468013465       1.97540474    
  0.471380472       1.96926665    
  0.474747479       1.96742296    
  0.478114486       1.96739233    
  0.481481493       1.96345782    
  0.484848499       1.96046245    
  0.488215476       1.95811570    
  0.491582483       1.95803297    
  0.494949490       1.95651495    
  0.498316497       1.95223415    
  0.501683474       1.95026755    
  0.505050480       1.94936121    
  0.508417487       1.94660223    
  0.511784494       1.94589257    
  0.515151501       1.94149494    
  0.518518507       1.94048429    
  0.521885514       1.93958008    
  0.525252521       1.93753541    
  0.528619528       1.93659222    
  0.531986535       1.93453991    
  0.535353541       1.93326664    
  0.538720548       1.93064642    
  0.542087555       1.92773020    
  0.545454562       1.92538285    
  0.548821568       1.92566419    
  0.552188575       1.92184198    
  0.555555582       1.92135584    
  0.558922529       1.91995299    
  0.562289536       1.91716576    
  0.565656543       1.91623557    
  0.569023550       1.91198647    
  0.572390556       1.91147053    
  0.575757563       1.91002929    
  0.579124570       1.90779305    
  0.582491577       1.90764010    
  0.585858583       1.90404844    
  0.589225590       1.90234256    
  0.592592597       1.90134323    
  0.595959604       1.90174437    
  0.599326611       1.89876223    
  0.602693617       1.89728057    
  0.606060624       1.89434361    
  0.609427631       1.89598179    
  0.612794638       1.89315534    
  0.616161644       1.88911784    
  0.619528592       1.88783121    
  0.622895598       1.88509643    
  0.626262605       1.88544261    
  0.629629612       1.88114667    
  0.632996619       1.87991500    
  0.636363626       1.87814879    
  0.639730632       1.87698328    
  0.643097639       1.87529624    
  0.646464646       1.87437236    
  0.649831653       1.87214196    
  0.653198659       1.87166750    
  0.656565666       1.87071860    
  0.659932673       1.86797261    
  0.663299680       1.86625373    
  0.666666687       1.86589062    
  0.670033693       1.86417723    
  0.673400700       1.86578548    
  0.676767647       1.86049974    
  0.680134654       1.86007380    
  0.683501661       1.85708010    
  0.686868668       1.85719347    
  0.690235674       1.85550416    
  0.693602681       1.85360587    
  0.696969688       1.85237193    
  0.700336695       1.85088181    
  0.703703701       1.85003483    
  0.707070708       1.84873354    
  0.710437715       1.84674048    
  0.713804722       1.84610546    
  0.717171729       1.84427583    
  0.720538735       1.84265852    
  0.723905742       1.84101236    
  0.727272749       1.83910096    
  0.730639756       1.83913660    
  0.734006763       1.83821881    
  0.737373710       1.83539021    
  0.740740716       1.83525443    
  0.744107723       1.83222294    
  0.747474730       1.83209622    
  0.750841737       1.82990813    
  0.754208744       1.83319497    
  0.757575750       1.82995045    
  0.760942757       1.82933831    
  0.764309764       1.82524264    
  0.767676771       1.82456315    
  0.771043777       1.82266641    
  0.774410784       1.82236540    
  0.777777791       1.82147694    
  0.781144798       1.81968832    
  0.784511805       1.81779838    
  0.787878811       1.81718278    
  0.791245818       1.81570387    
  0.794612765       1.81681943    
  0.797979772       1.81403303    
  0.801346779       1.81268513    
  0.804713786       1.81295669    
  0.808080792       1.80991578    
  0.811447799       1.81013703    
  0.814814806       1.80693507    
  0.818181813       1.80725658    
  0.821548820       1.80684280    
  0.824915826       1.80388510    
  0.828282833       1.80544484    
  0.831649840       1.80215454    
  0.835016847       1.80026352    
  0.838383853       1.80172563    
  0.841750860       1.79900050    
  0.845117867       1.79820979    
  0.848484874       1.79612541    
  0.851851881       1.79594648    
  0.855218828       1.79498303    
  0.858585835       1.79440796    
  0.861952841       1.79414272    
  0.865319848       1.79365313    
  0.868686855       1.79157782    
  0.872053862       1.79018104    
  0.875420868       1.78855610    
  0.878787875       1.78768313    
  0.882154882       1.78805029    
  0.885521889       1.78636503    
  0.888888896       1.78560388    
  0.892255902       1.78473926    
  0.895622909       1.78316772    
  0.898989916       1.78259397    
  0.902356923       1.78374100    
  0.905723929       1.78102791    
  0.909090936       1.78120744    
  0.912457883       1.77889025    
  0.915824890       1.77819073    
  0.919191897       1.77913284    
  0.922558904       1.77707219    
  0.925925910       1.77715003    
  0.929292917       1.77578604    
  0.932659924       1.77475405    
  0.936026931       1.77567089    
  0.939393938       1.77203977    
  0.942760944       1.77250183    
  0.946127951       1.77131975    
  0.949494958       1.77059293    
  0.952861965       1.76984572    
  0.956228971       1.77043378    
  0.959595978       1.76808369    
  0.962962985       1.76759434    
  0.966329992       1.76718283    
  0.969696999       1.76594520    
  0.973063946       1.76595283    
  0.976430953       1.76513147    
  0.979797959       1.76520884    
  0.983164966       1.76459372    
  0.986531973       1.76412213    
  0.989898980       1.76401377    
  0.993265986       1.76586187    
  0.996632993       1.76282609    
   1.00000000       1.76222730    
