   3.36700329E-03   1.74190593    
   6.73400657E-03   1.77949142    
   1.01010101E-02   1.81658578    
   1.34680131E-02   1.85271335    
   1.68350171E-02   1.88758850    
   2.02020202E-02   1.92178285    
   2.35690232E-02   1.95356607    
   2.69360263E-02   1.98460698    
   3.03030312E-02   2.01427007    
   3.36700343E-02   2.04279590    
   3.70370373E-02   2.06910634    
   4.04040404E-02   2.09529400    
   4.37710434E-02   2.11795211    
   4.71380465E-02   2.14168859    
   5.05050495E-02   2.16207337    
   5.38720526E-02   2.18163800    
   5.72390556E-02   2.19782948    
   6.06060624E-02   2.21640038    
   6.39730617E-02   2.23057199    
   6.73400685E-02   2.24571371    
   7.07070678E-02   2.25816059    
   7.40740746E-02   2.27010489    
   7.74410740E-02   2.27993011    
   8.08080807E-02   2.29098821    
   8.41750875E-02   2.29752564    
   8.75420868E-02   2.30733109    
   9.09090936E-02   2.31161356    
   9.42760929E-02   2.31828189    
   9.76430997E-02   2.32269740    
  0.101010099       2.32817912    
  0.104377106       2.33008075    
  0.107744105       2.33677125    
  0.111111112       2.33695030    
  0.114478111       2.33963203    
  0.117845118       2.33965659    
  0.121212125       2.34050250    
  0.124579124       2.33943152    
  0.127946123       2.34047031    
  0.131313130       2.34248853    
  0.134680137       2.34402108    
  0.138047144       2.33780432    
  0.141414136       2.33853793    
  0.144781142       2.33517337    
  0.148148149       2.33425999    
  0.151515156       2.33273101    
  0.154882148       2.33160377    
  0.158249155       2.32685614    
  0.161616161       2.32583451    
  0.164983168       2.32235384    
  0.168350175       2.31885862    
  0.171717167       2.31630993    
  0.175084174       2.31437135    
  0.178451180       2.31231236    
  0.181818187       2.30619931    
  0.185185179       2.30302715    
  0.188552186       2.30120397    
  0.191919193       2.29748583    
  0.195286199       2.29337645    
  0.198653191       2.29569101    
  0.202020198       2.28543544    
  0.205387205       2.28148723    
  0.208754212       2.27686262    
  0.212121218       2.27242684    
  0.215488210       2.27123880    
  0.218855217       2.26567650    
  0.222222224       2.26279449    
  0.225589231       2.25613666    
  0.228956223       2.25462580    
  0.232323229       2.25098848    
  0.235690236       2.24762487    
  0.239057243       2.24355507    
  0.242424250       2.23818874    
  0.245791242       2.23589659    
  0.249158248       2.23055029    
  0.252525240       2.22888589    
  0.255892247       2.22466278    
  0.259259254       2.21808743    
  0.262626261       2.21618032    
  0.265993267       2.21225929    
  0.269360274       2.20969510    
  0.272727281       2.20270109    
  0.276094288       2.19929743    
  0.279461265       2.19683123    
  0.282828271       2.19169116    
  0.286195278       2.18802667    
  0.289562285       2.18534470    
  0.292929292       2.18041277    
  0.296296299       2.17817092    
  0.299663305       2.17618608    
  0.303030312       2.17066026    
  0.306397319       2.16748333    
  0.309764296       2.16387320    
  0.313131303       2.15857863    
  0.316498309       2.15419006    
  0.319865316       2.15189838    
  0.323232323       2.14983368    
  0.326599330       2.14545226    
  0.329966336       2.14106894    
  0.333333343       2.13742280    
  0.336700350       2.13519025    
  0.340067327       2.13158727    
  0.343434334       2.13030910    
  0.346801341       2.12440848    
  0.350168347       2.12125063    
  0.353535354       2.11869216    
  0.356902361       2.11613560    
  0.360269368       2.11027193    
  0.363636374       2.10723233    
  0.367003381       2.10693383    
  0.370370358       2.10171914    
  0.373737365       2.09807181    
  0.377104372       2.10304403    
  0.380471379       2.09688687    
  0.383838385       2.08898687    
  0.387205392       2.08625293    
  0.390572399       2.08340049    
  0.393939406       2.07937455    
  0.397306383       2.08090043    
  0.400673389       2.07266355    
  0.404040396       2.07209945    
  0.407407403       2.06658340    
  0.410774410       2.06567359    
  0.414141417       2.06258035    
  0.417508423       2.05854011    
  0.420875430       2.05558038    
  0.424242437       2.05325603    
  0.427609414       2.05107069    
  0.430976421       2.04994726    
  0.434343427       2.04502583    
  0.437710434       2.04174066    
  0.441077441       2.04039621    
  0.444444448       2.03782749    
  0.447811455       2.03416395    
  0.451178461       2.03188324    
  0.454545468       2.02835250    
  0.457912445       2.02620077    
  0.461279452       2.02453995    
  0.464646459       2.02205253    
  0.468013465       2.02277851    
  0.471380472       2.01568604    
  0.474747479       2.01340151    
  0.478114486       2.01313257    
  0.481481493       2.00859499    
  0.484848499       2.00514102    
  0.488215476       2.00229359    
  0.491582483       2.00207090    
  0.494949490       2.00012970    
  0.498316497       1.99524915    
  0.501683474       1.99288476    
  0.505050480       1.99178112    
  0.508417487       1.98857570    
  0.511784494       1.98769999    
  0.515151501       1.98260605    
  0.518518507       1.98141253    
  0.521885514       1.98025417    
  0.525252521       1.97786582    
  0.528619528       1.97671926    
  0.531986535       1.97435558    
  0.535353541       1.97281837    
  0.538720548       1.96981156    
  0.542087555       1.96647668    
  0.545454562       1.96370709    
  0.548821568       1.96407521    
  0.552188575       1.95963264    
  0.555555582       1.95900285    
  0.558922529       1.95735967    
  0.562289536       1.95424020    
  0.565656543       1.95322800    
  0.569023550       1.94839633    
  0.572390556       1.94766831    
  0.575757563       1.94594300    
  0.579124570       1.94344056    
  0.582491577       1.94321668    
  0.585858583       1.93920755    
  0.589225590       1.93723297    
  0.592592597       1.93607545    
  0.595959604       1.93648696    
  0.599326611       1.93301976    
  0.602693617       1.93133867    
  0.606060624       1.92820656    
  0.609427631       1.92993951    
  0.612794638       1.92682159    
  0.616161644       1.92224669    
  0.619528592       1.92081285    
  0.622895598       1.91765630    
  0.626262605       1.91797483    
  0.629629612       1.91325366    
  0.632996619       1.91187227    
  0.636363626       1.90986705    
  0.639730632       1.90857220    
  0.643097639       1.90671790    
  0.646464646       1.90558970    
  0.649831653       1.90316868    
  0.653198659       1.90256310    
  0.656565666       1.90154588    
  0.659932673       1.89842510    
  0.663299680       1.89659429    
  0.666666687       1.89612651    
  0.670033693       1.89417255    
  0.673400700       1.89596617    
  0.676767647       1.89010167    
  0.680134654       1.88964212    
  0.683501661       1.88628614    
  0.686868668       1.88641846    
  0.690235674       1.88448858    
  0.693602681       1.88238454    
  0.696969688       1.88104963    
  0.700336695       1.87941074    
  0.703703701       1.87838113    
  0.707070708       1.87696290    
  0.710437715       1.87480927    
  0.713804722       1.87406850    
  0.717171729       1.87202239    
  0.720538735       1.87023449    
  0.723905742       1.86841702    
  0.727272749       1.86639607    
  0.730639756       1.86636043    
  0.734006763       1.86528099    
  0.737373710       1.86221254    
  0.740740716       1.86200178    
  0.744107723       1.85887134    
  0.747474730       1.85853136    
  0.750841737       1.85616696    
  0.754208744       1.85967982    
  0.757575750       1.85614455    
  0.760942757       1.85546553    
  0.764309764       1.85104609    
  0.767676771       1.85028148    
  0.771043777       1.84822822    
  0.774410784       1.84786034    
  0.777777791       1.84676886    
  0.781144798       1.84482396    
  0.784511805       1.84286571    
  0.787878811       1.84216225    
  0.791245818       1.84056449    
  0.794612765       1.84171724    
  0.797979772       1.83867347    
  0.801346779       1.83723092    
  0.804713786       1.83727050    
  0.808080792       1.83422518    
  0.811447799       1.83427525    
  0.814814806       1.83091605    
  0.818181813       1.83120692    
  0.821548820       1.83083081    
  0.824915826       1.82753611    
  0.828282833       1.82924795    
  0.831649840       1.82566762    
  0.835016847       1.82363856    
  0.838383853       1.82526755    
  0.841750860       1.82219970    
  0.845117867       1.82128632    
  0.848484874       1.81910253    
  0.851851881       1.81883037    
  0.855218828       1.81780505    
  0.858585835       1.81713605    
  0.861952841       1.81684387    
  0.865319848       1.81631935    
  0.868686855       1.81397676    
  0.872053862       1.81242752    
  0.875420868       1.81076133    
  0.878787875       1.80980313    
  0.882154882       1.81011164    
  0.885521889       1.80832732    
  0.888888896       1.80751896    
  0.892255902       1.80650783    
  0.895622909       1.80487847    
  0.898989916       1.80408585    
  0.902356923       1.80530190    
  0.905723929       1.80246460    
  0.909090936       1.80272961    
  0.912457883       1.80014014    
  0.915824890       1.79936624    
  0.919191897       1.80025172    
  0.922558904       1.79804564    
  0.925925910       1.79818881    
  0.929292917       1.79667938    
  0.932659924       1.79548287    
  0.936026931       1.79646969    
  0.939393938       1.79250157    
  0.942760944       1.79305899    
  0.946127951       1.79181385    
  0.949494958       1.79098690    
  0.952861965       1.79006207    
  0.956228971       1.79070461    
  0.959595978       1.78814042    
  0.962962985       1.78763258    
  0.966329992       1.78714335    
  0.969696999       1.78574049    
  0.973063946       1.78576756    
  0.976430953       1.78485298    
  0.979797959       1.78484881    
  0.983164966       1.78412938    
  0.986531973       1.78358006    
  0.989898980       1.78341627    
  0.993265986       1.78523731    
  0.996632993       1.78201163    
   1.00000000       1.78140759    
