   3.36700329E-03   1.05106521    
   6.73400657E-03   1.09641099    
   1.01010101E-02   1.13944590    
   1.34680131E-02   1.18353987    
   1.68350171E-02   1.22634435    
   2.02020202E-02   1.31926811    
   2.35690232E-02   1.29488134    
   2.69360263E-02   1.28847599    
   3.03030312E-02   1.28496730    
   3.36700343E-02   1.29099679    
   3.70370373E-02   1.30375969    
   4.04040404E-02   1.33860826    
   4.37710434E-02   1.33669734    
   4.71380465E-02   1.32663107    
   5.05050495E-02   1.34301126    
   5.38720526E-02   1.33314872    
   5.72390556E-02   1.33946764    
   6.06060624E-02   1.35347331    
   6.39730617E-02   1.35217345    
   6.73400685E-02   1.35120237    
   7.07070678E-02   1.35597157    
   7.40740746E-02   1.35572910    
   7.74410740E-02   1.36816454    
   8.08080807E-02   1.37143326    
   8.41750875E-02   1.36569870    
   8.75420868E-02   1.36964250    
   9.09090936E-02   1.36741197    
   9.42760929E-02   1.37025845    
   9.76430997E-02   1.37804353    
  0.101010099       1.39170671    
  0.104377106       1.38027382    
  0.107744105       1.38347328    
  0.111111112       1.37909818    
  0.114478111       1.38536084    
  0.117845118       1.38794208    
  0.121212125       1.39372671    
  0.124579124       1.39246094    
  0.127946123       1.39344978    
  0.131313130       1.39604640    
  0.134680137       1.39625180    
  0.138047144       1.41597664    
  0.141414136       1.40831995    
  0.144781142       1.40229177    
  0.148148149       1.42912924    
  0.151515156       1.40913165    
  0.154882148       1.42430365    
  0.158249155       1.41141164    
  0.161616161       1.41440356    
  0.164983168       1.40999818    
  0.168350175       1.40685487    
  0.171717167       1.41080654    
  0.175084174       1.41371834    
  0.178451180       1.42338085    
  0.181818187       1.41680205    
  0.185185179       1.42283320    
  0.188552186       1.41909730    
  0.191919193       1.41897786    
  0.195286199       1.42244399    
  0.198653191       1.42400241    
  0.202020198       1.42997217    
  0.205387205       1.42544699    
  0.208754212       1.42246473    
  0.212121218       1.42854202    
  0.215488210       1.42871714    
  0.218855217       1.43867064    
  0.222222224       1.42911088    
  0.225589231       1.44759238    
  0.228956223       1.43372607    
  0.232323229       1.43272364    
  0.235690236       1.43288136    
  0.239057243       1.43568873    
  0.242424250       1.44210947    
  0.245791242       1.43374288    
  0.249158248       1.43527532    
  0.252525240       1.44080830    
  0.255892247       1.43630970    
  0.259259254       1.43756294    
  0.262626261       1.43872869    
  0.265993267       1.43940973    
  0.269360274       1.44034672    
  0.272727281       1.43948901    
  0.276094288       1.45068145    
  0.279461265       1.44309282    
  0.282828271       1.44592988    
  0.286195278       1.44640374    
  0.289562285       1.44347417    
  0.292929292       1.44288898    
  0.296296299       1.46551979    
  0.299663305       1.44647396    
  0.303030312       1.44877172    
  0.306397319       1.44876814    
  0.309764296       1.45760822    
  0.313131303       1.45783782    
  0.316498309       1.45304084    
  0.319865316       1.44933569    
  0.323232323       1.45137787    
  0.326599330       1.45038700    
  0.329966336       1.45017397    
  0.333333343       1.44936442    
  0.336700350       1.45551383    
  0.340067327       1.45556045    
  0.343434334       1.45240510    
  0.346801341       1.45629311    
  0.350168347       1.46021605    
  0.353535354       1.45852005    
  0.356902361       1.46119273    
  0.360269368       1.45807159    
  0.363636374       1.45642459    
  0.367003381       1.45694566    
  0.370370358       1.45872819    
  0.373737365       1.45830822    
  0.377104372       1.46024764    
  0.380471379       1.46363640    
  0.383838385       1.45842302    
  0.387205392       1.46040452    
  0.390572399       1.46224320    
  0.393939406       1.46275342    
  0.397306383       1.46012795    
  0.400673389       1.46174824    
  0.404040396       1.46552896    
  0.407407403       1.46137905    
  0.410774410       1.46062267    
  0.414141417       1.47558427    
  0.417508423       1.45982873    
  0.420875430       1.46447504    
  0.424242437       1.46392620    
  0.427609414       1.46293926    
  0.430976421       1.46466303    
  0.434343427       1.46169186    
  0.437710434       1.47179234    
  0.441077441       1.46654582    
  0.444444448       1.47714639    
  0.447811455       1.46572566    
  0.451178461       1.47728336    
  0.454545468       1.46821415    
  0.457912445       1.46658027    
  0.461279452       1.46959591    
  0.464646459       1.47338283    
  0.468013465       1.46083987    
  0.471380472       1.46719480    
  0.474747479       1.46849120    
  0.478114486       1.46640575    
  0.481481493       1.46648240    
  0.484848499       1.47354031    
  0.488215476       1.47686040    
  0.491582483       1.46665514    
  0.494949490       1.47166502    
  0.498316497       1.46938694    
  0.501683474       1.47238195    
  0.505050480       1.46919692    
  0.508417487       1.47221708    
  0.511784494       1.46757805    
  0.515151501       1.47281241    
  0.518518507       1.47335923    
  0.521885514       1.46983683    
  0.525252521       1.46902275    
  0.528619528       1.47014058    
  0.531986535       1.46867192    
  0.535353541       1.47449756    
  0.538720548       1.47197008    
  0.542087555       1.48481393    
  0.545454562       1.47030127    
  0.548821568       1.47123575    
  0.552188575       1.48168564    
  0.555555582       1.47513914    
  0.558922529       1.47429276    
  0.562289536       1.47586668    
  0.565656543       1.47377682    
  0.569023550       1.47889197    
  0.572390556       1.47660875    
  0.575757563       1.47241127    
  0.579124570       1.47567689    
  0.582491577       1.48727930    
  0.585858583       1.47351766    
  0.589225590       1.47180831    
  0.592592597       1.48633432    
  0.595959604       1.47262692    
  0.599326611       1.47391450    
  0.602693617       1.47289562    
  0.606060624       1.47406352    
  0.609427631       1.47235870    
  0.612794638       1.47340584    
  0.616161644       1.48055053    
  0.619528592       1.48096573    
  0.622895598       1.48304272    
  0.626262605       1.47926593    
  0.629629612       1.47943592    
  0.632996619       1.48075175    
  0.636363626       1.47577369    
  0.639730632       1.47221315    
  0.643097639       1.47570539    
  0.646464646       1.47403502    
  0.649831653       1.47429466    
  0.653198659       1.47413480    
  0.656565666       1.47847307    
  0.659932673       1.47570717    
  0.663299680       1.48227906    
  0.666666687       1.47378421    
  0.670033693       1.47468424    
  0.673400700       1.47778738    
  0.676767647       1.48226142    
  0.680134654       1.47774839    
  0.683501661       1.47983086    
  0.686868668       1.47740257    
  0.690235674       1.48170722    
  0.693602681       1.47651827    
  0.696969688       1.47547114    
  0.700336695       1.47854972    
  0.703703701       1.47448194    
  0.707070708       1.47865534    
  0.710437715       1.47757649    
  0.713804722       1.47817409    
  0.717171729       1.48010135    
  0.720538735       1.47767413    
  0.723905742       1.47610438    
  0.727272749       1.48286092    
  0.730639756       1.47489166    
  0.734006763       1.48090947    
  0.737373710       1.47298002    
  0.740740716       1.48471081    
  0.744107723       1.47647727    
  0.747474730       1.47571206    
  0.750841737       1.47679126    
  0.754208744       1.47471631    
  0.757575750       1.48154140    
  0.760942757       1.47813225    
  0.764309764       1.47890055    
  0.767676771       1.47493577    
  0.771043777       1.47404826    
  0.774410784       1.48201644    
  0.777777791       1.47693837    
  0.781144798       1.47963083    
  0.784511805       1.47597206    
  0.787878811       1.47859299    
  0.791245818       1.47446573    
  0.794612765       1.47538602    
  0.797979772       1.47743535    
  0.801346779       1.48060834    
  0.804713786       1.47946310    
  0.808080792       1.47982228    
  0.811447799       1.48153341    
  0.814814806       1.47715127    
  0.818181813       1.47787416    
  0.821548820       1.47679818    
  0.824915826       1.47905278    
  0.828282833       1.48340666    
  0.831649840       1.48329580    
  0.835016847       1.47509205    
  0.838383853       1.48992682    
  0.841750860       1.47667718    
  0.845117867       1.48677301    
  0.848484874       1.47599542    
  0.851851881       1.47692025    
  0.855218828       1.47643507    
  0.858585835       1.47950542    
  0.861952841       1.48323977    
  0.865319848       1.48109317    
  0.868686855       1.47423303    
  0.872053862       1.49238920    
  0.875420868       1.47944069    
  0.878787875       1.48201990    
  0.882154882       1.48038840    
  0.885521889       1.47989058    
  0.888888896       1.48574460    
  0.892255902       1.48132885    
  0.895622909       1.47793674    
  0.898989916       1.47686327    
  0.902356923       1.48802245    
  0.905723929       1.47469890    
  0.909090936       1.47800279    
  0.912457883       1.47987235    
  0.915824890       1.47801065    
  0.919191897       1.47985017    
  0.922558904       1.48074710    
  0.925925910       1.48065042    
  0.929292917       1.48128653    
  0.932659924       1.48328149    
  0.936026931       1.47398186    
  0.939393938       1.48109329    
  0.942760944       1.47800171    
  0.946127951       1.47880650    
  0.949494958       1.47971570    
  0.952861965       1.47778022    
  0.956228971       1.47684419    
  0.959595978       1.48122728    
  0.962962985       1.47730887    
  0.966329992       1.48397768    
  0.969696999       1.48171532    
  0.973063946       1.48182404    
  0.976430953       1.49256575    
  0.979797959       1.47953284    
  0.983164966       1.48174059    
  0.986531973       1.47927117    
  0.989898980       1.48040402    
  0.993265986       1.48031318    
  0.996632993       1.48115683    
   1.00000000       1.48347831    
