   3.36700329E-03   1.00800884    
   6.73400657E-03   1.01609337    
   1.01010101E-02   1.02432966    
   1.34680131E-02   1.03250885    
   1.68350171E-02   1.04056597    
   2.02020202E-02   1.04866588    
   2.35690232E-02   1.05614054    
   2.69360263E-02   1.06376481    
   3.03030312E-02   1.07123601    
   3.36700343E-02   1.07871675    
   3.70370373E-02   1.08579242    
   4.04040404E-02   1.09311581    
   4.37710434E-02   1.09952033    
   4.71380465E-02   1.10667312    
   5.05050495E-02   1.11316872    
   5.38720526E-02   1.11957395    
   5.72390556E-02   1.12521732    
   6.06060624E-02   1.13212085    
   6.39730617E-02   1.13771641    
   6.73400685E-02   1.14380801    
   7.07070678E-02   1.14944267    
   7.40740746E-02   1.15504074    
   7.74410740E-02   1.15997171    
   8.08080807E-02   1.16593385    
   8.41750875E-02   1.17007434    
   8.75420868E-02   1.17578459    
   9.09090936E-02   1.18011498    
   9.42760929E-02   1.18507600    
   9.76430997E-02   1.18946695    
  0.101010099       1.19449294    
  0.104377106       1.19812357    
  0.107744105       1.20384431    
  0.111111112       1.20702851    
  0.114478111       1.21164095    
  0.117845118       1.21496177    
  0.121212125       1.21860325    
  0.124579124       1.22176087    
  0.127946123       1.22578418    
  0.131313130       1.22995985    
  0.134680137       1.23447454    
  0.138047144       1.23566675    
  0.141414136       1.24013114    
  0.144781142       1.24247420    
  0.148148149       1.24610579    
  0.151515156       1.24943948    
  0.154882148       1.25287461    
  0.158249155       1.25456810    
  0.161616161       1.25816810    
  0.164983168       1.26077509    
  0.168350175       1.26278079    
  0.171717167       1.26568234    
  0.175084174       1.26894319    
  0.178451180       1.27235794    
  0.181818187       1.27332604    
  0.185185179       1.27584136    
  0.188552186       1.27902138    
  0.191919193       1.28149390    
  0.195286199       1.28346026    
  0.198653191       1.28895104    
  0.202020198       1.28741181    
  0.205387205       1.28932452    
  0.208754212       1.29098749    
  0.212121218       1.29289329    
  0.215488210       1.29623318    
  0.218855217       1.29694033    
  0.222222224       1.29970658    
  0.225589231       1.30001366    
  0.228956223       1.30347025    
  0.232323229       1.30552840    
  0.235690236       1.30750108    
  0.239057243       1.30864036    
  0.242424250       1.30985677    
  0.245791242       1.31251216    
  0.249158248       1.31347609    
  0.252525240       1.31620800    
  0.255892247       1.31766117    
  0.259259254       1.31777871    
  0.262626261       1.32020950    
  0.265993267       1.32184458    
  0.269360274       1.32368398    
  0.272727281       1.32377803    
  0.276094288       1.32531357    
  0.279461265       1.32754958    
  0.282828271       1.32796240    
  0.286195278       1.32951248    
  0.289562285       1.33160067    
  0.292929292       1.33197892    
  0.296296299       1.33403301    
  0.299663305       1.33699119    
  0.303030312       1.33644259    
  0.306397319       1.33763003    
  0.309764296       1.33921826    
  0.313131303       1.33926594    
  0.316498309       1.33993328    
  0.319865316       1.34154809    
  0.323232323       1.34411407    
  0.326599330       1.34450924    
  0.329966336       1.34498096    
  0.333333343       1.34572136    
  0.336700350       1.34789038    
  0.340067327       1.34861410    
  0.343434334       1.35111666    
  0.346801341       1.35074878    
  0.350168347       1.35148311    
  0.353535354       1.35328722    
  0.356902361       1.35472012    
  0.360269368       1.35360014    
  0.363636374       1.35464823    
  0.367003381       1.35750759    
  0.370370358       1.35734081    
  0.373737365       1.35791612    
  0.377104372       1.36424398    
  0.380471379       1.36324859    
  0.383838385       1.36070049    
  0.387205392       1.36138046    
  0.390572399       1.36297691    
  0.393939406       1.36244106    
  0.397306383       1.36677015    
  0.400673389       1.36381435    
  0.404040396       1.36612308    
  0.407407403       1.36538517    
  0.410774410       1.36730504    
  0.414141417       1.36843014    
  0.417508423       1.36779201    
  0.420875430       1.36863828    
  0.424242437       1.36968100    
  0.427609414       1.37067795    
  0.430976421       1.37281954    
  0.434343427       1.37213087    
  0.437710434       1.37220430    
  0.441077441       1.37420893    
  0.444444448       1.37479258    
  0.447811455       1.37442875    
  0.451178461       1.37565780    
  0.454545468       1.37581396    
  0.457912445       1.37668037    
  0.461279452       1.37803435    
  0.464646459       1.37882543    
  0.468013465       1.38187695    
  0.471380472       1.37913072    
  0.474747479       1.37980580    
  0.478114486       1.38179612    
  0.481481493       1.38121438    
  0.484848499       1.38099754    
  0.488215476       1.38138711    
  0.491582483       1.38352358    
  0.494949490       1.38428199    
  0.498316497       1.38330448    
  0.501683474       1.38390982    
  0.505050480       1.38523281    
  0.508417487       1.38527977    
  0.511784494       1.38681197    
  0.515151501       1.38525653    
  0.518518507       1.38674164    
  0.521885514       1.38815606    
  0.525252521       1.38841057    
  0.528619528       1.38968897    
  0.531986535       1.39040017    
  0.535353541       1.39111614    
  0.538720548       1.39103663    
  0.542087555       1.39063811    
  0.545454562       1.39099276    
  0.548821568       1.39307714    
  0.552188575       1.39207435    
  0.555555582       1.39336455    
  0.558922529       1.39401901    
  0.562289536       1.39400685    
  0.565656543       1.39441931    
  0.569023550       1.39329994    
  0.572390556       1.39533603    
  0.575757563       1.39601779    
  0.579124570       1.39590561    
  0.582491577       1.39779758    
  0.585858583       1.39663363    
  0.589225590       1.39695609    
  0.592592597       1.39801323    
  0.595959604       1.40047228    
  0.599326611       1.39980078    
  0.602693617       1.40028822    
  0.606060624       1.39940703    
  0.609427631       1.40248466    
  0.612794638       1.40190792    
  0.616161644       1.40051115    
  0.619528592       1.40118968    
  0.622895598       1.40067077    
  0.626262605       1.40290928    
  0.629629612       1.40089095    
  0.632996619       1.40128887    
  0.636363626       1.40184367    
  0.639730632       1.40223610    
  0.643097639       1.40245509    
  0.646464646       1.40378916    
  0.649831653       1.40343368    
  0.653198659       1.40477383    
  0.656565666       1.40536845    
  0.659932673       1.40489912    
  0.663299680       1.40478349    
  0.666666687       1.40642500    
  0.670033693       1.40640676    
  0.673400700       1.40944040    
  0.676767647       1.40662050    
  0.680134654       1.40782523    
  0.683501661       1.40687859    
  0.686868668       1.40826643    
  0.690235674       1.40876186    
  0.693602681       1.40869153    
  0.696969688       1.40900397    
  0.700336695       1.40922010    
  0.703703701       1.41012931    
  0.707070708       1.41055298    
  0.710437715       1.40989816    
  0.713804722       1.41137302    
  0.717171729       1.41076744    
  0.720538735       1.41135800    
  0.723905742       1.41142809    
  0.727272749       1.41094697    
  0.730639756       1.41269100    
  0.734006763       1.41329730    
  0.737373710       1.41230249    
  0.740740716       1.41373277    
  0.744107723       1.41179621    
  0.747474730       1.41373074    
  0.750841737       1.41304648    
  0.754208744       1.41760111    
  0.757575750       1.41561663    
  0.760942757       1.41698754    
  0.764309764       1.41452551    
  0.767676771       1.41529071    
  0.771043777       1.41491485    
  0.774410784       1.41586256    
  0.777777791       1.41712582    
  0.781144798       1.41672468    
  0.784511805       1.41603220    
  0.787878811       1.41669834    
  0.791245818       1.41651094    
  0.794612765       1.41923988    
  0.797979772       1.41805947    
  0.801346779       1.41802275    
  0.804713786       1.42039764    
  0.808080792       1.41787469    
  0.811447799       1.41970015    
  0.814814806       1.41800082    
  0.818181813       1.41955423    
  0.821548820       1.42020977    
  0.824915826       1.41899610    
  0.828282833       1.42135584    
  0.831649840       1.41978037    
  0.835016847       1.41925716    
  0.838383853       1.42145824    
  0.841750860       1.42055082    
  0.845117867       1.42122233    
  0.848484874       1.42024624    
  0.851851881       1.42144954    
  0.855218828       1.42154157    
  0.858585835       1.42250431    
  0.861952841       1.42322612    
  0.865319848       1.42353272    
  0.868686855       1.42354357    
  0.872053862       1.42326880    
  0.875420868       1.42265069    
  0.878787875       1.42296696    
  0.882154882       1.42473495    
  0.885521889       1.42412448    
  0.888888896       1.42427504    
  0.892255902       1.42482901    
  0.895622909       1.42409515    
  0.898989916       1.42525804    
  0.902356923       1.42741263    
  0.905723929       1.42545819    
  0.909090936       1.42653823    
  0.912457883       1.42556024    
  0.915824890       1.42581928    
  0.919191897       1.42830050    
  0.922558904       1.42715359    
  0.925925910       1.42761850    
  0.929292917       1.42751443    
  0.932659924       1.42791319    
  0.936026931       1.42967582    
  0.939393938       1.42723525    
  0.942760944       1.42841935    
  0.946127951       1.42793381    
  0.949494958       1.42828131    
  0.952861965       1.42866194    
  0.956228971       1.42996573    
  0.959595978       1.42860663    
  0.962962985       1.42884171    
  0.966329992       1.42942154    
  0.969696999       1.42932904    
  0.973063946       1.42968833    
  0.976430953       1.42987049    
  0.979797959       1.43072402    
  0.983164966       1.43092716    
  0.986531973       1.43105662    
  0.989898980       1.43115854    
  0.993265986       1.43405426    
  0.996632993       1.43145287    
   1.00000000       1.43108988    
