   3.36700329E-03   1.00524664    
   6.73400657E-03   1.01053441    
   1.01010101E-02   1.01589799    
   1.34680131E-02   1.02124488    
   1.68350171E-02   1.02654731    
   2.02020202E-02   1.03188467    
   2.35690232E-02   1.03694975    
   2.69360263E-02   1.04209805    
   3.03030312E-02   1.04718912    
   3.36700343E-02   1.05229855    
   3.70370373E-02   1.05723691    
   4.04040404E-02   1.06230557    
   4.37710434E-02   1.06695545    
   4.71380465E-02   1.07197833    
   5.05050495E-02   1.07669890    
   5.38720526E-02   1.08139133    
   5.72390556E-02   1.08572412    
   6.06060624E-02   1.09068775    
   6.39730617E-02   1.09501934    
   6.73400685E-02   1.09961164    
   7.07070678E-02   1.10398388    
   7.40740746E-02   1.10834718    
   7.74410740E-02   1.11237729    
   8.08080807E-02   1.11695421    
   8.41750875E-02   1.12058330    
   8.75420868E-02   1.12504685    
   9.09090936E-02   1.12878764    
   9.42760929E-02   1.13286650    
   9.76430997E-02   1.13664627    
  0.101010099       1.14077878    
  0.104377106       1.14414227    
  0.107744105       1.14867461    
  0.111111112       1.15179336    
  0.114478111       1.15572298    
  0.117845118       1.15890932    
  0.121212125       1.16227961    
  0.124579124       1.16536772    
  0.127946123       1.16895628    
  0.131313130       1.17264271    
  0.134680137       1.17653263    
  0.138047144       1.17843437    
  0.141414136       1.18230069    
  0.144781142       1.18487346    
  0.148148149       1.18823147    
  0.151515156       1.19141054    
  0.154882148       1.19464529    
  0.158249155       1.19678450    
  0.161616161       1.20012295    
  0.164983168       1.20282853    
  0.168350175       1.20513940    
  0.171717167       1.20801914    
  0.175084174       1.21112883    
  0.178451180       1.21433783    
  0.181818187       1.21595490    
  0.185185179       1.21856570    
  0.188552186       1.22161627    
  0.191919193       1.22418678    
  0.195286199       1.22642028    
  0.198653191       1.23103213    
  0.202020198       1.23087513    
  0.205387205       1.23304629    
  0.208754212       1.23503864    
  0.212121218       1.23719704    
  0.215488210       1.24032712    
  0.218855217       1.24163663    
  0.222222224       1.24437153    
  0.225589231       1.24537790    
  0.228956223       1.24859726    
  0.232323229       1.25081420    
  0.235690236       1.25297248    
  0.239057243       1.25452769    
  0.242424250       1.25613499    
  0.245791242       1.25876570    
  0.249158248       1.26017845    
  0.252525240       1.26285827    
  0.255892247       1.26460743    
  0.259259254       1.26536882    
  0.262626261       1.26781404    
  0.265993267       1.26968169    
  0.269360274       1.27168036    
  0.272727281       1.27239263    
  0.276094288       1.27415943    
  0.279461265       1.27645254    
  0.282828271       1.27736878    
  0.286195278       1.27913249    
  0.289562285       1.28129494    
  0.292929292       1.28216243    
  0.296296299       1.28428972    
  0.299663305       1.28710938    
  0.303030312       1.28725171    
  0.306397319       1.28870440    
  0.309764296       1.29046571    
  0.313131303       1.29103267    
  0.316498309       1.29206753    
  0.319865316       1.29383254    
  0.323232323       1.29633260    
  0.326599330       1.29714584    
  0.329966336       1.29800570    
  0.333333343       1.29906404    
  0.336700350       1.30125129    
  0.340067327       1.30228841    
  0.343434334       1.30473936    
  0.346801341       1.30490494    
  0.350168347       1.30593097    
  0.353535354       1.30781603    
  0.356902361       1.30939281    
  0.360269368       1.30892956    
  0.363636374       1.31019747    
  0.367003381       1.31290853    
  0.370370358       1.31319511    
  0.373737365       1.31406641    
  0.377104372       1.31958783    
  0.380471379       1.31918228    
  0.383838385       1.31750441    
  0.387205392       1.31843901    
  0.390572399       1.32011938    
  0.393939406       1.32005954    
  0.397306383       1.32397509    
  0.400673389       1.32191277    
  0.404040396       1.32416713    
  0.407407403       1.32391560    
  0.410774410       1.32584453    
  0.414141417       1.32712281    
  0.417508423       1.32692814    
  0.420875430       1.32796538    
  0.424242437       1.32916677    
  0.427609414       1.33031356    
  0.430976421       1.33241618    
  0.434343427       1.33216763    
  0.437710434       1.33253849    
  0.441077441       1.33452868    
  0.444444448       1.33532214    
  0.447811455       1.33531642    
  0.451178461       1.33664954    
  0.454545468       1.33707201    
  0.457912445       1.33809209    
  0.461279452       1.33952343    
  0.464646459       1.34047079    
  0.468013465       1.34333980    
  0.471380472       1.34128582    
  0.474747479       1.34212780    
  0.478114486       1.34408522    
  0.481481493       1.34385848    
  0.484848499       1.34393561    
  0.488215476       1.34452713    
  0.491582483       1.34660304    
  0.494949490       1.34750724    
  0.498316497       1.34692037    
  0.501683474       1.34768248    
  0.505050480       1.34906495    
  0.508417487       1.34933960    
  0.511784494       1.35089517    
  0.515151501       1.34978914    
  0.518518507       1.35130036    
  0.521885514       1.35275209    
  0.525252521       1.35319233    
  0.528619528       1.35452509    
  0.531986535       1.35536027    
  0.535353541       1.35618794    
  0.538720548       1.35634208    
  0.542087555       1.35621083    
  0.545454562       1.35673189    
  0.548821568       1.35874820    
  0.552188575       1.35808635    
  0.555555582       1.35941064    
  0.558922529       1.36018157    
  0.562289536       1.36036873    
  0.565656543       1.36092556    
  0.569023550       1.36014092    
  0.572390556       1.36212063    
  0.575757563       1.36290479    
  0.579124570       1.36299050    
  0.582491577       1.36484015    
  0.585858583       1.36399722    
  0.589225590       1.36446178    
  0.592592597       1.36556935    
  0.595959604       1.36792016    
  0.599326611       1.36749864    
  0.602693617       1.36810529    
  0.606060624       1.36749053    
  0.609427631       1.37038100    
  0.612794638       1.37003911    
  0.616161644       1.36897016    
  0.619528592       1.36973274    
  0.622895598       1.36943781    
  0.626262605       1.37158608    
  0.629629612       1.36994815    
  0.632996619       1.37045395    
  0.636363626       1.37110960    
  0.639730632       1.37159979    
  0.643097639       1.37194860    
  0.646464646       1.37328768    
  0.649831653       1.37311566    
  0.653198659       1.37446034    
  0.656565666       1.37513268    
  0.659932673       1.37485743    
  0.663299680       1.37489104    
  0.666666687       1.37648821    
  0.670033693       1.37662065    
  0.673400700       1.37947977    
  0.676767647       1.37708676    
  0.680134654       1.37830257    
  0.683501661       1.37758517    
  0.686868668       1.37895882    
  0.690235674       1.37953818    
  0.693602681       1.37960196    
  0.696969688       1.38000405    
  0.700336695       1.38032448    
  0.703703701       1.38126945    
  0.707070708       1.38177395    
  0.710437715       1.38130152    
  0.713804722       1.38275361    
  0.717171729       1.38232589    
  0.720538735       1.38297737    
  0.723905742       1.38316000    
  0.727272749       1.38283682    
  0.730639756       1.38452756    
  0.734006763       1.38518965    
  0.737373710       1.38440120    
  0.740740716       1.38580608    
  0.744107723       1.38415122    
  0.747474730       1.38602686    
  0.750841737       1.38550436    
  0.754208744       1.38975298    
  0.757575750       1.38805401    
  0.760942757       1.38940263    
  0.764309764       1.38726151    
  0.767676771       1.38806045    
  0.771043777       1.38781238    
  0.774410784       1.38877726    
  0.777777791       1.39003348    
  0.781144798       1.38975823    
  0.784511805       1.38922083    
  0.787878811       1.38992417    
  0.791245818       1.38984501    
  0.794612765       1.39243281    
  0.797979772       1.39144480    
  0.801346779       1.39150298    
  0.804713786       1.39377427    
  0.808080792       1.39153981    
  0.811447799       1.39330113    
  0.814814806       1.39183116    
  0.818181813       1.39333534    
  0.821548820       1.39402318    
  0.824915826       1.39299452    
  0.828282833       1.39524019    
  0.831649840       1.39387989    
  0.835016847       1.39347708    
  0.838383853       1.39557278    
  0.841750860       1.39482379    
  0.845117867       1.39552510    
  0.848484874       1.39470088    
  0.851851881       1.39588034    
  0.855218828       1.39603806    
  0.858585835       1.39700043    
  0.861952841       1.39774013    
  0.865319848       1.39808965    
  0.868686855       1.39817798    
  0.872053862       1.39799881    
  0.875420868       1.39749360    
  0.878787875       1.39785337    
  0.882154882       1.39955318    
  0.885521889       1.39905453    
  0.888888896       1.39926040    
  0.892255902       1.39983761    
  0.895622909       1.39922392    
  0.898989916       1.40036833    
  0.902356923       1.40242827    
  0.905723929       1.40066779    
  0.909090936       1.40172708    
  0.912457883       1.40088975    
  0.915824890       1.40118814    
  0.919191897       1.40354908    
  0.922558904       1.40254509    
  0.925925910       1.40302789    
  0.929292917       1.40298629    
  0.932659924       1.40341437    
  0.936026931       1.40510225    
  0.939393938       1.40289366    
  0.942760944       1.40403903    
  0.946127951       1.40363491    
  0.949494958       1.40401173    
  0.952861965       1.40442359    
  0.956228971       1.40567493    
  0.959595978       1.40446091    
  0.962962985       1.40472090    
  0.966329992       1.40530825    
  0.969696999       1.40526652    
  0.973063946       1.40564322    
  0.976430953       1.40585184    
  0.979797959       1.40668797    
  0.983164966       1.40691710    
  0.986531973       1.40707386    
  0.989898980       1.40720379    
  0.993265986       1.40994322    
  0.996632993       1.40754747    
   1.00000000       1.40723264    
