   3.36700329E-03   1.00380349    
   6.73400657E-03   1.00763154    
   1.01010101E-02   1.01150727    
   1.34680131E-02   1.01537800    
   1.68350171E-02   1.01922762    
   2.02020202E-02   1.02309990    
   2.35690232E-02   1.02682376    
   2.69360263E-02   1.03059888    
   3.03030312E-02   1.03434622    
   3.36700343E-02   1.03811169    
   3.70370373E-02   1.04178405    
   4.04040404E-02   1.04553390    
   4.37710434E-02   1.04905152    
   4.71380465E-02   1.05278885    
   5.05050495E-02   1.05635703    
   5.38720526E-02   1.05991507    
   5.72390556E-02   1.06326604    
   6.06060624E-02   1.06699562    
   6.39730617E-02   1.07035887    
   6.73400685E-02   1.07388127    
   7.07070678E-02   1.07728076    
   7.40740746E-02   1.08067882    
   7.74410740E-02   1.08388507    
   8.08080807E-02   1.08742273    
   8.41750875E-02   1.09039676    
   8.75420868E-02   1.09387779    
   9.09090936E-02   1.09692824    
   9.42760929E-02   1.10019040    
   9.76430997E-02   1.10327065    
  0.101010099       1.10657287    
  0.104377106       1.10940683    
  0.107744105       1.11296773    
  0.111111112       1.11565793    
  0.114478111       1.11885679    
  0.117845118       1.12159216    
  0.121212125       1.12444794    
  0.124579124       1.12712586    
  0.127946123       1.13012362    
  0.131313130       1.13318634    
  0.134680137       1.13638926    
  0.138047144       1.13831580    
  0.141414136       1.14150512    
  0.144781142       1.14386570    
  0.148148149       1.14673483    
  0.151515156       1.14949155    
  0.154882148       1.15228784    
  0.158249155       1.15436506    
  0.161616161       1.15723097    
  0.164983168       1.15968335    
  0.168350175       1.16187215    
  0.171717167       1.16443861    
  0.175084174       1.16716230    
  0.178451180       1.16995597    
  0.181818187       1.17168057    
  0.185185179       1.17407048    
  0.188552186       1.17676222    
  0.191919193       1.17912626    
  0.195286199       1.18126369    
  0.198653191       1.18503821    
  0.202020198       1.18552613    
  0.205387205       1.18761444    
  0.208754212       1.18957973    
  0.212121218       1.19166064    
  0.215488210       1.19441617    
  0.218855217       1.19589961    
  0.222222224       1.19838047    
  0.225589231       1.19964564    
  0.228956223       1.20247412    
  0.232323229       1.20458782    
  0.235690236       1.20666325    
  0.239057243       1.20830643    
  0.242424250       1.20998693    
  0.245791242       1.21239495    
  0.249158248       1.21393549    
  0.252525240       1.21638262    
  0.255892247       1.21815550    
  0.259259254       1.21921015    
  0.262626261       1.22148418    
  0.265993267       1.22334099    
  0.269360274       1.22528875    
  0.272727281       1.22629333    
  0.276094288       1.22806740    
  0.279461265       1.23023415    
  0.282828271       1.23137748    
  0.286195278       1.23314881    
  0.289562285       1.23521197    
  0.292929292       1.23630929    
  0.296296299       1.23834431    
  0.299663305       1.24090195    
  0.303030312       1.24144745    
  0.306397319       1.24297166    
  0.309764296       1.24473083    
  0.313131303       1.24558592    
  0.316498309       1.24678707    
  0.319865316       1.24854028    
  0.323232323       1.25085545    
  0.326599330       1.25188446    
  0.329966336       1.25294280    
  0.333333343       1.25414634    
  0.336700350       1.25622594    
  0.340067327       1.25740874    
  0.343434334       1.25969195    
  0.346801341       1.26020217    
  0.350168347       1.26136875    
  0.353535354       1.26320696    
  0.356902361       1.26479936    
  0.360269368       1.26480269    
  0.363636374       1.26615584    
  0.367003381       1.26863348    
  0.370370358       1.26921237    
  0.373737365       1.27024889    
  0.377104372       1.27495015    
  0.380471379       1.27497363    
  0.383838385       1.27397895    
  0.387205392       1.27505350    
  0.390572399       1.27671623    
  0.393939406       1.27699625    
  0.397306383       1.28044498    
  0.400673389       1.27911770    
  0.404040396       1.28123224    
  0.407407403       1.28134596    
  0.410774410       1.28320181    
  0.414141417       1.28453815    
  0.417508423       1.28467953    
  0.420875430       1.28581464    
  0.424242437       1.28708327    
  0.427609414       1.28830087    
  0.430976421       1.29029441    
  0.434343427       1.29038203    
  0.437710434       1.29096425    
  0.441077441       1.29286838    
  0.444444448       1.29379332    
  0.447811455       1.29405916    
  0.451178461       1.29542637    
  0.454545468       1.29603994    
  0.457912445       1.29714453    
  0.461279452       1.29858351    
  0.464646459       1.29961729    
  0.468013465       1.30224669    
  0.471380472       1.30080616    
  0.474747479       1.30175292    
  0.478114486       1.30362201    
  0.481481493       1.30368245    
  0.484848499       1.30399215    
  0.488215476       1.30472839    
  0.491582483       1.30668998    
  0.494949490       1.30767989    
  0.498316497       1.30743182    
  0.501683474       1.30829418    
  0.505050480       1.30968440    
  0.508417487       1.31013584    
  0.511784494       1.31166458    
  0.515151501       1.31096315    
  0.518518507       1.31245089    
  0.521885514       1.31389058    
  0.525252521       1.31447554    
  0.528619528       1.31581604    
  0.531986535       1.31673026    
  0.535353541       1.31763065    
  0.538720548       1.31797516    
  0.542087555       1.31807280    
  0.545454562       1.31872416    
  0.548821568       1.32062817    
  0.552188575       1.32027149    
  0.555555582       1.32159102    
  0.558922529       1.32244277    
  0.562289536       1.32279658    
  0.565656543       1.32346177    
  0.569023550       1.32298815    
  0.572390556       1.32486677    
  0.575757563       1.32572341    
  0.579124570       1.32597911    
  0.582491577       1.32774282    
  0.585858583       1.32720613    
  0.589225590       1.32778394    
  0.592592597       1.32890940    
  0.595959604       1.33110785    
  0.599326611       1.33091950    
  0.602693617       1.33161366    
  0.606060624       1.33125234    
  0.609427631       1.33390975    
  0.612794638       1.33378673    
  0.616161644       1.33303487    
  0.619528592       1.33385360    
  0.622895598       1.33377016    
  0.626262605       1.33578789    
  0.629629612       1.33452785    
  0.632996619       1.33512378    
  0.636363626       1.33585691    
  0.639730632       1.33642852    
  0.643097639       1.33688581    
  0.646464646       1.33820105    
  0.649831653       1.33819878    
  0.653198659       1.33952153    
  0.656565666       1.34025300    
  0.659932673       1.34016395    
  0.663299680       1.34033203    
  0.666666687       1.34185994    
  0.670033693       1.34212852    
  0.673400700       1.34476721    
  0.676767647       1.34282053    
  0.680134654       1.34402370    
  0.683501661       1.34353042    
  0.686868668       1.34486711    
  0.690235674       1.34551251    
  0.693602681       1.34570396    
  0.696969688       1.34618664    
  0.700336695       1.34659648    
  0.703703701       1.34755826    
  0.707070708       1.34812748    
  0.710437715       1.34783959    
  0.713804722       1.34924269    
  0.717171729       1.34899056    
  0.720538735       1.34969008    
  0.723905742       1.34997714    
  0.727272749       1.34981275    
  0.730639756       1.35142267    
  0.734006763       1.35212433    
  0.737373710       1.35154378    
  0.740740716       1.35290575    
  0.744107723       1.35155165    
  0.747474730       1.35333264    
  0.750841737       1.35298061    
  0.754208744       1.35686505    
  0.757575750       1.35546458    
  0.760942757       1.35677445    
  0.764309764       1.35498023    
  0.767676771       1.35579622    
  0.771043777       1.35567939    
  0.774410784       1.35664570    
  0.777777791       1.35787559    
  0.781144798       1.35772860    
  0.784511805       1.35735166    
  0.787878811       1.35808182    
  0.791245818       1.35810792    
  0.794612765       1.36052001    
  0.797979772       1.35973608    
  0.801346779       1.35988593    
  0.804713786       1.36202025    
  0.808080792       1.36010814    
  0.811447799       1.36177766    
  0.814814806       1.36055589    
  0.818181813       1.36199510    
  0.821548820       1.36270368    
  0.824915826       1.36187363    
  0.828282833       1.36397111    
  0.831649840       1.36284530    
  0.835016847       1.36257005    
  0.838383853       1.36453414    
  0.841750860       1.36395383    
  0.845117867       1.36467183    
  0.848484874       1.36401236    
  0.851851881       1.36515069    
  0.855218828       1.36537743    
  0.858585835       1.36632693    
  0.861952841       1.36707139    
  0.865319848       1.36746562    
  0.868686855       1.36762786    
  0.872053862       1.36754727    
  0.875420868       1.36715984    
  0.878787875       1.36756468    
  0.882154882       1.36917639    
  0.885521889       1.36879933    
  0.888888896       1.36905634    
  0.892255902       1.36965072    
  0.895622909       1.36916459    
  0.898989916       1.37027812    
  0.902356923       1.37221527    
  0.905723929       1.37068033    
  0.909090936       1.37170172    
  0.912457883       1.37101781    
  0.915824890       1.37135601    
  0.919191897       1.37356567    
  0.922558904       1.37272167    
  0.925925910       1.37321711    
  0.929292917       1.37323999    
  0.932659924       1.37369692    
  0.936026931       1.37528884    
  0.939393938       1.37334859    
  0.942760944       1.37443912    
  0.946127951       1.37412739    
  0.949494958       1.37452853    
  0.952861965       1.37496531    
  0.956228971       1.37615359    
  0.959595978       1.37510586    
  0.962962985       1.37539053    
  0.966329992       1.37597823    
  0.969696999       1.37599230    
  0.973063946       1.37638295    
  0.976430953       1.37662232    
  0.979797959       1.37743258    
  0.983164966       1.37769020    
  0.986531973       1.37787580    
  0.989898980       1.37803674    
  0.993265986       1.38058579    
  0.996632993       1.37843537    
   1.00000000       1.37817574    
